0.001	3.1393292613797863
0.011	3.1166960094625473
0.021	3.094066029364097
0.031	3.0714422758547397
0.041	3.048827718845862
0.051000000000000004	3.0262253064743345
0.061	3.003637975596399
0.07100000000000001	2.9810686469840006
0.081	2.9585202207069883
0.091	2.9359955773170987
0.101	2.9134975716198026
0.111	2.891029029395892
0.121	2.8685927499790878
0.131	2.846191492324435
0.14100000000000001	2.823827979953033
0.151	2.8015048992007396
0.161	2.779224895379985
0.171	2.7569905704666975
0.181	2.7348044798476647
0.191	2.71266913265827
0.201	2.6905869875517316
0.211	2.668560450524874
0.221	2.6465918745518504
0.231	2.624683558014853
0.241	2.602837743660267
0.251	2.5810566164938136
0.261	2.5593423009803784
0.271	2.537696865281649
0.281	2.51612231033842
0.291	2.494620583449886
0.301	2.473193562310477
0.311	2.4518430684796804
0.321	2.430570856547052
0.331	2.4093786201825
0.341	2.388267989107437
0.35100000000000003	2.367240529610473
0.361	2.3462977459450665
0.371	2.3254410781379597
0.381	2.304671905933697
0.391	2.2839915451125212
0.401	2.2634012524670255
0.41100000000000003	2.24290222257631
0.421	2.2224955919983373
0.431	2.2021824373264063
0.441	2.1819637789665816
0.451	2.1618405796936675
0.461	2.1418137477679493
0.47100000000000003	2.12188413758122
0.481	2.102052550154207
0.491	2.082319736111318
0.501	2.0626863960431305
0.511	2.0431531818910975
0.521	2.0237206999541515
0.531	2.004389511031644
0.541	1.9851601326008717
0.551	1.9660330412045817
0.561	1.9470086731301928
0.5710000000000001	1.928087426891943
0.581	1.9092696651629004
0.591	1.8905557159608195
0.601	1.8719458749670297
0.611	1.8534404078077638
0.621	1.8350395512972553
0.631	1.816743515688467
0.641	1.7985524860901518
0.651	1.7804666252165815
0.661	1.7624860805150615
0.671	1.7446109655577573
0.681	1.726841382543795
0.6910000000000001	1.7091774293549005
0.7010000000000001	1.6916191757822883
0.711	1.6741666883546087
0.721	1.6568200245520082
0.731	1.6395792239403189
0.741	1.6224443311696168
0.751	1.6054153808448146
0.761	1.588492399681209
0.771	1.571675423852296
0.781	1.5549644803046518
0.791	1.5383595983281297
0.801	1.5218608176614967
0.811	1.5054681723247365
0.8210000000000001	1.4891817072823084
0.8310000000000001	1.4730014769310897
0.841	1.4569275357922393
0.851	1.440959955017594
0.861	1.425098813970734
0.871	1.409344198978469
0.881	1.3936962153056447
0.891	1.3781549765891477
0.901	1.362720609317477
0.911	1.3473932578448422
0.921	1.3321730788942832
0.931	1.3170602452942834
0.9410000000000001	1.30205494428518
0.9510000000000001	1.2871573791653652
0.961	1.2723677693397986
0.971	1.257686349557919
0.981	1.2431133704274218
0.991	1.2286490982595393
1.001	1.2142938138100736
1.011	1.2000478134739332
1.021	1.1859114071425856
1.031	1.1718849180521214
1.041	1.157968683339533
1.051	1.1441630504726774
1.061	1.1304683784553757
1.071	1.1168850360124534
1.081	1.1034133996963003
1.091	1.090053854273501
1.101	1.076806789693612
1.111	1.0636725999835028
1.121	1.0506516829299348
1.131	1.037744436240455
1.141	1.0249512574360533
1.151	1.0122725419261487
1.1609999999999998	0.9997086799667498
1.1709999999999998	0.9872600563414332
1.1809999999999998	0.9749270474859225
1.1909999999999998	0.9627100194190005
1.2009999999999998	0.9506093263502031
1.2109999999999999	0.9386253083650995
1.2209999999999999	0.9267582897830916
1.2309999999999999	0.9150085758692013
1.2409999999999999	0.9033764518191968
1.251	0.8918621821770419
1.261	0.8804660068326069
1.271	0.8691881396521466
1.281	0.8580287678379945
1.291	0.8469880492005522
1.301	0.8360661103588319
1.311	0.8252630462585465
1.321	0.8145789182463589
1.331	0.8040137522552321
1.341	0.7935675384346662
1.351	0.7832402299891479
1.361	0.773031741597888
1.371	0.7629419491877213
1.381	0.752970689408824
1.391	0.7431177585346622
1.401	0.7333829123717026
1.4109999999999998	0.7237658662567674
1.4209999999999998	0.7142662944775484
1.4309999999999998	0.7048838303539723
1.4409999999999998	0.6956180667359717
1.4509999999999998	0.6864685560366761
1.4609999999999999	0.6774348107240726
1.4709999999999999	0.6685163038348169
1.4809999999999999	0.6597124693249594
1.4909999999999999	0.6510227031100748
1.501	0.6424463641518386
1.511	0.6339827749223078
1.521	0.6256312222549337
1.531	0.6173909592908879
1.541	0.6092612063748551
1.551	0.6012411515312314
1.561	0.5933299523477701
1.571	0.5855267379734683
1.581	0.5778306096637575
1.591	0.5702406417827613
1.601	0.5627558844306559
1.611	0.5553753647475614
1.621	0.548098087459701
1.631	0.5409230367523995
1.641	0.5338491786309365
1.651	0.5268754616788365
1.661	0.520000817576781
1.6709999999999998	0.5132241639162718
1.6809999999999998	0.5065444067447898
1.6909999999999998	0.49996044057440836
1.7009999999999998	0.49347114830984357
1.7109999999999999	0.48707540333691457
1.7209999999999999	0.4807720727620248
1.7309999999999999	0.474560018024714
1.7409999999999999	0.4684380952153909
1.751	0.4624051559272571
1.761	0.45646004946829766
1.771	0.450601623335359
1.781	0.44482872464880624
1.791	0.4391402013718696
1.801	0.43353490292299096
1.811	0.4280116815383163
1.821	0.4225693925385248
1.831	0.4172068951010601
1.841	0.4119230534972793
1.851	0.4067167375720028
1.861	0.4015868236471496
1.871	0.396532195186661
1.881	0.39155174320606523
1.891	0.3866443668864015
1.901	0.38180897416019993
1.911	0.3770444822325983
1.9209999999999998	0.3723498178694008
1.9309999999999998	0.36772391786106584
1.9409999999999998	0.36316572956657617
1.9509999999999998	0.3586742111838954
1.9609999999999999	0.3542483318471648
1.9709999999999999	0.34988707204980274
1.9809999999999999	0.3455894240793497
1.9909999999999999	0.34135439206099527
2.001	0.3371809920017776
2.011	0.33306825213700547
2.021	0.32901521333924827
2.031	0.3250209289540694
2.041	0.3210844644505558
2.0509999999999997	0.3172048977952815
2.061	0.31338131989622797
2.0709999999999997	0.30961283492361663
2.081	0.30589855975464947
2.0909999999999997	0.30223762358245626
2.101	0.298629168191909
2.1109999999999998	0.29507234827783024
2.121	0.2915663316999082
2.131	0.28811029903901125
2.141	0.28470344308183043
2.151	0.2813449689672643
2.161	0.27803409439628934
2.171	0.2747700498124337
2.181	0.2715520780747664
2.191	0.2683794339068682
2.201	0.2652513839289166
2.211	0.26216720676737343
2.221	0.25912619315391083
2.231	0.2561276457046595
2.241	0.25317087839610614
2.251	0.250255216501803
2.261	0.2473799966252138
2.271	0.24454456672903957
2.281	0.24174828598084008
2.291	0.23899052429503978
2.301	0.23627066220144416
2.311	0.2335880908204993
2.3209999999999997	0.23094221183734748
2.331	0.22833243738182157
2.3409999999999997	0.225758189651681
2.351	0.22321890073761913
2.3609999999999998	0.22071401255897838
2.371	0.21824297679935722
2.381	0.21580525479843124
2.391	0.21340031725240116
2.401	0.2110276440198157
2.411	0.20868672403092975
2.421	0.2063770551979192
2.431	0.20409814430704493
2.441	0.2018495067843223
2.451	0.1996306665003769
2.461	0.19744115566391962
2.471	0.19528051471719332
2.481	0.19314829222481275
2.491	0.19104404468826633
2.501	0.1889673363629178
2.511	0.1869177391435929
2.521	0.1848948324530303
2.531	0.18289820313096117
2.541	0.18092744530005422
2.551	0.17898216016407287
2.561	0.17706195587974857
2.5709999999999997	0.17516644746409565
2.581	0.1732952567020494
2.5909999999999997	0.17144801204585955
2.601	0.16962434843410343
2.6109999999999998	0.16782390715736992
2.621	0.1660463357652723
2.631	0.16429128795295217
2.641	0.16255842344734484
2.651	0.1608474078936051
2.661	0.15915791274231714
2.671	0.15748961513958198
2.681	0.15584219782345757
2.691	0.15421534902172393
2.701	0.15260876234964976
2.711	0.15102213670601214
2.721	0.14945517616769485
2.731	0.14790758990382746
2.741	0.146379092081746
2.751	0.14486940176874685
2.761	0.14337824283383757
2.771	0.14190534385040357
2.781	0.14045043801541193
2.791	0.13901326307740705
2.801	0.1375935612476804
2.811	0.13619107910898887
2.8209999999999997	0.13480556752427236
2.831	0.1334367815490059
2.8409999999999997	0.13208448036823714
2.851	0.13074842723105873
2.8609999999999998	0.12942838936917725
2.871	0.12812413791454036
2.881	0.12683544781696696
2.891	0.12556209776626912
2.901	0.12430387014026424
2.911	0.12306055094696407
2.921	0.12183192975045962
2.931	0.1206177995959411
2.941	0.11941795693453192
2.951	0.11823220153141033
2.961	0.11706033642099266
2.971	0.11590216791419564
2.981	0.11475750553215368
2.991	0.11362616193205924
3.001	0.11250795283300397
3.011	0.11140269694181897
3.021	0.11031021587891596
3.031	0.10923033410412761
3.041	0.10816287884978212
3.051	0.10710768012812578
3.061	0.10606457074291724
3.071	0.10503338622935314
3.081	0.10401396478672828
3.0909999999999997	0.10300614721109504
3.101	0.1020097768279233
3.1109999999999998	0.10102469942476038
3.121	0.10005076318389049
3.131	0.09908781862135208
3.141	0.09813571860270703
3.151	0.09719431836475964
3.161	0.09626347546385483
3.171	0.09534304971926494
3.181	0.09443290315660134
3.191	0.09353289995122668
3.201	0.09264290637166658
3.211	0.09176279072302186
3.221	0.09089242329247864
3.231	0.09003167634744554
3.241	0.08918042416751779
3.251	0.088338543006102
3.261	0.08750591104313389
3.271	0.08668240833798659
3.281	0.08586791678237836
3.291	0.085062320053281
3.301	0.08426550356582753
3.311	0.08347735442664944
3.321	0.0826977614176023
3.331	0.0819266150287004
3.3409999999999997	0.0811638074342394
3.351	0.08040923245322475
3.3609999999999998	0.07966278551017578
3.371	0.07892436359592958
3.381	0.07819386522844539
3.391	0.0774711904136083
3.401	0.0767562406060666
3.411	0.07604891868548513
3.421	0.07534912898329567
3.431	0.0746567772715872
3.441	0.07397177073016488
3.451	0.07329401791407754
3.461	0.07262342872114576
3.471	0.07195991435948933
3.481	0.07130338731505532
3.491	0.07065376131914564
3.501	0.07001095132227819
3.511	0.0693748735101056
3.521	0.06874544530385443
3.531	0.06812258533334838
3.541	0.06750621340996586
3.551	0.06689625049959733
3.561	0.06629261869560295
3.571	0.06569524119176984
3.581	0.06510404225526982
3.5909999999999997	0.06451894720149903
3.601	0.06393988239632875
3.6109999999999998	0.06336677526528148
3.621	0.062799554274821
3.631	0.0622381489112918
3.641	0.06168248965987674
3.651	0.06113250798355508
3.661	0.06058813630206014
3.671	0.0600493079708373
3.681	0.059515957260001674
3.691	0.05898801933329608
3.701	0.058465430243332006
3.711	0.057948126989408454
3.721	0.057436047432471764
3.731	0.05692913025180957
3.741	0.05642731494219649
3.751	0.05593054181111087
3.761	0.05543875197595118
3.771	0.05495188736125274
3.781	0.05446989069590414
3.791	0.053992705510363934
3.801	0.0535202761338771
3.811	0.053052547682199
3.821	0.05258946599417807
3.831	0.05213097760789397
3.8409999999999997	0.0516770297598578
3.851	0.05122757037989211
3.8609999999999998	0.05078254808601033
3.871	0.050341912179296025
3.881	0.049905612638782446
3.891	0.04947360011633169
3.901	0.049045825931514284
3.911	0.04862224206648751
3.921	0.048202801151537966
3.931	0.04778745642326079
3.941	0.047376161721394874
3.951	0.04696887148571554
3.961	0.04656554074874791
3.971	0.04616612512847992
3.981	0.04577058082107561
3.991	0.045378864593588135
4.001	0.044990933776673105
4.011	0.044606746257301655
4.021000000000001	0.04422626047147041
4.031000000000001	0.04384943539472004
4.041	0.04347623052683207
4.051	0.043106605883792046
4.061000000000001	0.04274052199154371
4.071000000000001	0.04237793987942376
4.081	0.04201882107359627
4.091	0.04166312759048754
4.101	0.04131082193022066
4.111000000000001	0.040961867070050145
4.121	0.04061622645779669
4.131	0.040273864005270214
4.141	0.039934744079934824
4.151000000000001	0.03959883149509521
4.1610000000000005	0.03926609150513466
4.171	0.03893648979977821
4.181	0.03860999249806923
4.191000000000001	0.03828656614234592
4.2010000000000005	0.037966177692217926
4.211	0.03764879451854265
4.221	0.03733438439740193
4.231000000000001	0.037022915504078435
4.2410000000000005	0.03671435640708045
4.251	0.03640867606460791
4.261	0.036105843818797875
4.271000000000001	0.03580582938611977
4.281000000000001	0.03550860285255247
4.291	0.035214134669170304
4.301	0.03492239564772921
4.311000000000001	0.0346333569562529
4.321000000000001	0.03434699011461901
4.331	0.03406326699014513
4.341	0.03378215979317499
4.351000000000001	0.03350364107263607
4.361000000000001	0.03322768371012254
4.371	0.03295426091251211
4.381	0.0326833462076112
4.391	0.03241491344028223
4.401000000000001	0.032148936768545563
4.4110000000000005	0.031885390659681635
4.421	0.03162424988633274
4.431	0.031365489522605185
4.441000000000001	0.03110908494017116
4.4510000000000005	0.030855011804370856
4.461	0.03060324607063958
4.471	0.03035376398566469
4.481000000000001	0.03010654207839918
4.4910000000000005	0.029861557149348104
4.501	0.02961878626773041
4.511	0.029378206768914845
4.521000000000001	0.029139796251855775
4.531000000000001	0.028903532576529074
4.541	0.02866939386136783
4.551	0.028437358480698272
4.561000000000001	0.02820740506217556
4.571000000000001	0.027979512484219687
4.581	0.027753659873451193
4.591	0.027529826602127085
4.601000000000001	0.027307992285576614
4.611000000000001	0.0270881367789114
4.621	0.02687024016751383
4.631	0.02665428276156261
4.641	0.02644024509467434
4.651000000000001	0.02622810792159949
4.6610000000000005	0.026017852215910995
4.671	0.025809459167692592
4.681	0.025602910181227418
4.691000000000001	0.02539818687268646
4.7010000000000005	0.025195271067817108
4.711	0.024994144799631548
4.721	0.02479479030609532
4.731000000000001	0.02459719002781578
4.7410000000000005	0.024401326605730654
4.751	0.024207182878796356
4.761	0.02401474188119156
4.771000000000001	0.023823986836909998
4.781000000000001	0.02363490115581472
4.791	0.023447468431682918
4.801	0.023261672440323143
4.811000000000001	0.023077497137692443
4.821000000000001	0.022894926658013553
4.831	0.02271394531189198
4.841	0.022534537584433217
4.851000000000001	0.022356688133359854
4.861000000000001	0.022180381787128813
4.871	0.022005603543048386
4.881	0.021832338565395484
4.891	0.021660572183532747
4.901000000000001	0.021490289890019443
4.9110000000000005	0.02132147733797514
4.921	0.021154120336712306
4.931	0.020988204849228132
4.941000000000001	0.020823716990654256
4.9510000000000005	0.020660643026718252
4.961	0.020498969372204977
4.971	0.020338682589418074
4.981000000000001	0.020179769386641365
4.9910000000000005	0.020022216616600343
5.001	0.019866011274923535
5.011	0.019711140498603976
5.021000000000001	0.019557591564460634
5.031000000000001	0.01940535188759988
5.041	0.01925440901987686
5.051	0.019104750648273185
5.061000000000001	0.018956364591847845
5.071000000000001	0.01880923879892438
5.081	0.018663361345944197
5.091	0.01851872043614154
5.101000000000001	0.018375304398207757
5.111000000000001	0.018233101684955694
5.121	0.018092100871983905
5.131	0.017952290656341033
5.141	0.0178136598551901
5.151000000000001	0.017676197404472814
5.1610000000000005	0.01753989235757394
5.171	0.01740473388398552
5.181	0.01727071126797125
5.191000000000001	0.017137813907230768
5.2010000000000005	0.01700603131167755
5.211	0.016875353102026907
5.221	0.016745769007022893
5.231000000000001	0.016617268861982983
5.2410000000000005	0.01648984260776551
5.251	0.01636348028973719
5.261	0.016238172056740757
5.271000000000001	0.016113908160062515
5.281000000000001	0.015990678952399976
5.291	0.015868474886829374
5.301	0.01574728651577329
5.311000000000001	0.01562710448996823
5.321000000000001	0.015507919557432227
5.331	0.015389722562432389
5.341	0.015272504444451664
5.351000000000001	0.01515625623681504
5.361000000000001	0.015040969064443131
5.371	0.014926634142652398
5.381	0.014813242776293655
5.391	0.014700786358862069
5.401000000000001	0.014589256371607153
5.4110000000000005	0.014478644382642828
5.421	0.01436894204605737
5.431	0.014260141101023461
5.441000000000001	0.014152233370908181
5.4510000000000005	0.014045210762383058
5.461	0.013939065264534027
5.471	0.013833788947971468
5.481000000000001	0.013729373963940212
5.4910000000000005	0.013625812543431008
5.501	0.013523096996173706
5.511	0.013421219709086826
5.521000000000001	0.013320173145155824
5.531000000000001	0.013219949842690063
5.541	0.013120542414590044
5.551	0.013021943547614693
5.561000000000001	0.012924146001648637
5.571000000000001	0.012827142608969493
5.581	0.012730926273515098
5.591	0.012635489970150808
5.601000000000001	0.012540826743936757
5.611000000000001	0.012446929709395163
5.621	0.012353792049777542
5.631	0.012261407016332021
5.641	0.012169767927924733
5.651000000000001	0.012078868172569774
5.6610000000000005	0.011988701203660567
5.671	0.011899260537393368
5.681	0.011810539752319455
5.691000000000001	0.011722532488914942
5.7010000000000005	0.011635232449150632
5.711	0.011548633396061814
5.721	0.011462729153318117
5.731000000000001	0.011377513604793325
5.7410000000000005	0.011292980694135243
5.751	0.011209124424335477
5.761	0.011125938857299303
5.771000000000001	0.011043418113415467
5.781000000000001	0.010961556371126066
5.791	0.010880347866496318
5.801	0.010799786892784432
5.811000000000001	0.010719867800011417
5.821000000000001	0.010640584994530949
5.831	0.01056193293816752
5.841	0.010483906144471929
5.851000000000001	0.010406499178310363
5.861000000000001	0.01032970665634318
5.871	0.010253523246579018
5.881	0.010177943667924554
5.891	0.010102962689734225
5.901000000000001	0.010028575131359945
5.9110000000000005	0.00995477586170087
5.921	0.009881559798753079
5.931	0.009808921909159336
5.941000000000001	0.009736857207758794
5.9510000000000005	0.009665360757136764
5.961	0.009594427667174393
5.971	0.009524053094598424
5.981000000000001	0.009454232242530914
5.9910000000000005	0.00938496036003898
6.001	0.009316232741684501
6.011	0.00924804472707386
6.021000000000001	0.009180391700407617
6.031000000000001	0.0091132690896908
6.041	0.00904667236559229
6.051	0.008980597040951907
6.061000000000001	0.00891503867043225
6.071000000000001	0.008849992850170641
6.081	0.008785455217431022
6.091	0.008721421450255897
6.101000000000001	0.008657887267118244
6.111000000000001	0.008594848426573473
6.121	0.008532300726911303
6.131	0.008470240005807723
6.141000000000001	0.00840866213997689
6.151000000000001	0.008347563044823092
6.1610000000000005	0.008286938674092633
6.171	0.008226785019525775
6.181	0.008167098110508666
6.191000000000001	0.008107874013725253
6.2010000000000005	0.00804910883280923
6.211	0.007990798707923122
6.221	0.007932939814830295
6.231000000000001	0.007875528364194383
6.2410000000000005	0.007818560601286257
6.251	0.007762032805700286
6.261	0.007705941291070621
6.271000000000001	0.00765028240478746
6.281000000000001	0.007595052527713346
6.291	0.0075402480738994025
6.301	0.007485865490301635
6.311000000000001	0.0074319012564971875
6.321000000000001	0.00737835188440064
6.331	0.007325213917980253
6.341	0.007272483932974256
6.351000000000001	0.007220158536607114
6.361000000000001	0.007168234367305819
6.371	0.007116708094416138
6.381	0.007065576417918901
6.391000000000001	0.0070148360681462595
6.401000000000001	0.006964483805325429
6.4110000000000005	0.006914516418650853
6.421	0.0068649307261663085
6.431	0.006815723574604619
6.441000000000001	0.006766891839133665
6.4510000000000005	0.006718432423102427
6.461	0.0066703422577869854
6.471	0.006622618302136557
6.481000000000001	0.0065752575425195164
6.4910000000000005	0.006528256992469429
6.501	0.006481613692431057
6.511	0.00643532470950639
6.521000000000001	0.0063893871372006725
6.531000000000001	0.006343798095168432
6.541	0.006298554728959484
6.551	0.0062536542097649745
6.561000000000001	0.006209093734163388
6.571000000000001	0.006164870523866593
6.581	0.0061209818254660455
6.591	0.006077424910349131
6.601000000000001	0.006034197074596538
6.611000000000001	0.0059912956381309645
6.621	0.0059487179444219955
6.631	0.005906461360304923
6.641000000000001	0.005864523275799545
6.651000000000001	0.0058229011039289845
6.6610000000000005	0.005781592280538479
6.671	0.005740594264114194
6.681	0.00569990453560203
6.691000000000001	0.0056595205982264245
6.7010000000000005	0.005619439977309169
6.711	0.005579660220088197
6.721	0.0055401788955364035
6.731000000000001	0.005500993594180444
6.7410000000000005	0.00546210192791955
6.751	0.005423501529844324
6.761	0.005385190054055548
6.771000000000001	0.005347165175482402
6.781000000000001	0.005309424589522379
6.791	0.005271966011428401
6.801	0.005234787176255031
6.811000000000001	0.005197885838731946
6.821000000000001	0.005161259773100083
6.831	0.005124906772947744
6.841	0.005088824651046745
6.851000000000001	0.005053011239188528
6.861000000000001	0.005017464388020312
6.871	0.004982181966881198
6.881	0.00494716186363831
6.891000000000001	0.004912401984522919
6.901000000000001	0.0048779002539665875
6.9110000000000005	0.004843654614437271
6.921	0.0048096630262754675
6.931	0.004775923467530339
6.941000000000001	0.004742433933795839
6.9510000000000005	0.004709192438046852
6.961	0.004676197010475787
6.971	0.004643445698358741
6.981000000000001	0.004610936565806499
6.9910000000000005	0.004578667693451769
7.001	0.004546637178303404
7.011	0.004514843133615718
7.021000000000001	0.004483283688757764
7.031000000000001	0.004451956989082649
7.041	0.004420861195796804
7.051	0.004389994485829293
7.061000000000001	0.0043593550517011005
7.071000000000001	0.004328941101394437
7.081	0.004298750858222017
7.091	0.004268782560696364
7.101000000000001	0.004239034462399097
7.111000000000001	0.00420950483185024
7.121	0.004180191952377496
7.131	0.004151094121985553
7.141000000000001	0.004122209653225374
7.151000000000001	0.004093536873076774
7.1610000000000005	0.004065074123500022
7.171	0.004036819761289821
7.181	0.004008772156663714
7.191000000000001	0.003980929693093235
7.2010000000000005	0.003953290767245474
7.211	0.003925853788924617
7.221	0.003898617181013506
7.231000000000001	0.0038715793794151933
7.2410000000000005	0.0038447388329945005
7.251	0.0038180940035195607
7.261	0.0037916433656033795
7.271000000000001	0.0037653854066453866
7.281000000000001	0.0037393186267729974
7.291	0.0037134415387831536
7.301	0.003687752668083885
7.311000000000001	0.0036622505526358613
7.321000000000001	0.003636933742893952
7.331	0.003611800801748769
7.341	0.0035868503044682288
7.351000000000001	0.0035620808386391005
7.361000000000001	0.003537491004108571
7.371	0.003513079412925784
7.381	0.0034888446890208227
7.391000000000001	0.0034647854666419267
7.401000000000001	0.0034409003908419757
7.4110000000000005	0.0034171881178872124
7.421	0.003393647315167546
7.431	0.0033702766611059514
7.441000000000001	0.003347074845067872
7.4510000000000005	0.0033240405672706275
7.461	0.0033011725386928085
7.471	0.0032784694809836843
7.481000000000001	0.003255930126372602
7.4910000000000005	0.003233553217578399
7.501	0.0032113375077187927
7.511	0.0031892817602197907
7.521000000000001	0.0031673847487250907
7.531000000000001	0.0031456452570054905
7.541	0.003124062078868279
7.551	0.0031026340180666484
7.561000000000001	0.0030813598882090897
7.571000000000001	0.003060238512668807
7.581	0.003039268724493106
7.591	0.0030184493663128055
7.601000000000001	0.002997779290226792
7.611000000000001	0.0029772573568151964
7.621	0.002956882435086972
7.631	0.00293665340375275
7.641000000000001	0.0029165691511843584
7.651000000000001	0.002896628575279879
7.6610000000000005	0.0028768305833286887
7.671	0.0028571740918765156
7.681	0.002837658026590488
7.691000000000001	0.0028182813221241817
7.7010000000000005	0.002799042921982677
7.711	0.0027799417783876015
7.721	0.002760976852142183
7.731000000000001	0.0027421471124962973
7.7410000000000005	0.002723451537011528
7.751	0.002704889111426203
7.761	0.002686458829520453
7.771000000000001	0.002668159692981257
7.781000000000001	0.0026499907112675016
7.791	0.0026319509014750184
7.801	0.0026140392882016425
7.811000000000001	0.0025962549034122587
7.821000000000001	0.0025785967863038587
7.831	0.002561063983352944
7.841	0.002543655549249575
7.851000000000001	0.0025263705468273326
7.861000000000001	0.002509208046792915
7.871	0.0024921671276269372
7.881	0.0024752468754848118
7.891000000000001	0.002458446384097628
7.901000000000001	0.002441764754673035
7.9110000000000005	0.002425201095796116
7.921	0.002408754523330271
7.931000000000001	0.0023924241603180945
7.941000000000001	0.002376209136882261
7.9510000000000005	0.0023601085901263958
7.961	0.002344121664035961
7.971	0.002328247509379133
7.981000000000001	0.002312485283607681
7.9910000000000005	0.002296834150757852
8.001	0.0022812932813512446
8.011	0.0022658618522956872
8.020999999999999	0.002250539046786125
8.030999999999999	0.0022353240542054946
8.041	0.002220216070025603
8.051	0.0022052142957196554
8.061	0.002190317939084466
8.071	0.0021755262146370955
8.081	0.00216083834338291
8.091	0.0021462535527238787
8.100999999999999	0.0021317710763821005
8.110999999999999	0.0021173901543233265
8.121	0.002103110032680481
8.131	0.0020889299636771964
8.141	0.002074849205551319
8.151	0.0020608670224784454
8.161	0.0020469826844954405
8.171	0.0020331954674239635
8.181	0.00201950465279399
8.190999999999999	0.0020059095277673365
8.200999999999999	0.001992409385061183
8.211	0.001979003522871594
8.221	0.0019656912447970527
8.231	0.0019524718597619683
8.241	0.0019393446819402113
8.251	0.0019263090306786326
8.261	0.001913364230420588
8.270999999999999	0.001900509610629462
8.280999999999999	0.0018877445058052879
8.291	0.0018750682558862676
8.301	0.0018624802062145959
8.311	0.0018499797074206287
8.321	0.0018375661153627399
8.331	0.0018252387910671654
8.341	0.0018129971006678495
8.350999999999999	0.0018008404153462916
8.360999999999999	0.0017887681112713934
8.371	0.0017767795695393036
8.381	0.0017648741761132716
8.391	0.0017530513217634837
8.401	0.0017413104020069167
8.411	0.0017296508170471826
8.421	0.0017180719717143763
8.431	0.001706573275404921
8.440999999999999	0.001695154142021416
8.450999999999999	0.001683813989912483
8.461	0.0016725522418126102
8.471	0.0016613683247820082
8.481	0.0016502616701464439
8.491	0.0016392317134370949
8.501	0.0016282778943405136
8.511	0.0016173996569046369
8.520999999999999	0.0016065964497099512
8.530999999999999	0.0015958677257143733
8.541	0.0015852129422002964
8.551	0.0015746315607285404
8.561	0.0015641230470922842
8.571	0.001553686871271018
8.581	0.0015433225073844838
8.591	0.0015330294336466193
8.600999999999999	0.0015228071323195019
8.610999999999999	0.0015126550896672922
8.621	0.0015025727959101763
8.631	0.0014925597451783156
8.641	0.0014826154354657805
8.651	0.0014727393685845013
8.661	0.0014629310501182093
8.671	0.0014531899893763809
8.681	0.001443515699348182
8.690999999999999	0.0014339076966564102
8.701	0.0014243655015114375
8.711	0.0014148886376651611
8.721	0.0014054766323649236
8.731	0.0013961290161272459
8.741	0.0013868453224380858
8.751	0.001377625088525057
8.761	0.001368467855480207
8.770999999999999	0.0013593731681990982
8.780999999999999	0.0013503405753198922
8.791	0.0013413696291624286
8.801	0.0013324598856673145
8.811	0.0013236109043349977
8.821	0.0013148222481648548
8.831	0.0013060934835942722
8.841	0.0012974241804377278
8.850999999999999	0.0012888139118258746
8.860999999999999	0.0012802622541446215
8.871	0.0012717687869742158
8.881	0.0012633330930283298
8.891	0.0012549547580931355
8.901	0.001246633370966392
8.911	0.001238368523396527
8.921	0.0012301598100217187
8.931	0.0012220068283089784
8.940999999999999	0.0012139091784932321
8.951	0.0012058664635164029
8.961	0.0011978782889664975
8.971	0.0011899442630166808
8.981	0.0011820639969339
8.991	0.0011742371072438423
9.001	0.0011664632137101116
9.011	0.0011587419384750087
9.020999999999999	0.001151072906083748
9.030999999999999	0.0011434557435089255
9.041	0.0011358900801749883
9.051	0.0011283755479827076
9.061	0.0011209117813336415
9.071	0.001113498417154608
9.081	0.0011061350949221546
9.091	0.0010988214566870261
9.100999999999999	0.001091557147098635
9.110999999999999	0.0010843418134295303
9.121	0.001077175105599865
9.131	0.0010700566762018718
9.141	0.0010629861805243233
9.151	0.001055963276577007
9.161	0.0010489876251151937
9.171	0.001042058889664106
9.181	0.0010351767365433884
9.190999999999999	0.0010283408348915756
9.201	0.0010215508566905616
9.211	0.0010148064767900725
9.221	0.0010081073729321305
9.231	0.0010014532258251071
9.241	0.0009948437191290545
9.251	0.0009882785384647266
9.261	0.000981757371126289
9.270999999999999	0.0009752799061261207
9.280999999999999	0.0009688458342405133
9.291	0.0009624548480553706
9.301	0.0009561066420119122
9.311	0.0009498009124523677
9.321	0.00094353735766568
9.331	0.0009373156779332052
9.341	0.0009311355755744118
9.350999999999999	0.0009249967549925811
9.360999999999999	0.0009188989227205068
9.371	0.000912841787466194
9.381	0.0009068250601585636
9.391	0.0009008484539931454
9.401	0.0008949116844777829
9.411	0.0008890144694783317
9.421	0.0008831565292643596
9.431	0.0008773375865548467
9.440999999999999	0.000871557366563885
9.451	0.0008658155970463775
9.461	0.0008601120083437426
9.471	0.0008544463334296071
9.481	0.0008488183078557955
9.491	0.0008432276686271691
9.501	0.0008376741538861841
9.511	0.0008321575032974769
9.520999999999999	0.0008266774580765689
9.530999999999999	0.000821233761012636
9.541	0.0008158261564912738
9.551	0.0008104543905172703
9.561	0.0008051182107373675
9.571	0.0007998173664630334
9.581	0.0007945516086932283
9.591	0.0007893206901371733
9.600999999999999	0.0007841243652371174
9.610999999999999	0.000778962390191106
9.621	0.0007738345229757474
9.631	0.0007687405233689841
9.641	0.0007636801529728556
9.651	0.0007586531752362696
9.661	0.0007536593554777689
9.671	0.0007486984609082994
9.681	0.0007437702606539775
9.690999999999999	0.0007388745257788583
9.701	0.0007340110293077025
9.711	0.0007291795462487476
9.721	0.0007243798536164702
9.731	0.0007196117304362382
9.741	0.0007148749573642996
9.751	0.0007101693162534047
9.761	0.0007054945902005849
9.770999999999999	0.0007008505635700551
9.780999999999999	0.0006962370220126536
9.791	0.0006916537524852798
9.801	0.0006871005432703368
9.811	0.0006825771839951652
9.821	0.0006780834656514862
9.831	0.0006736191806148391
9.841	0.0006691841226640204
9.850999999999999	0.0006647780870005235
9.860999999999999	0.0006604008702679772
9.871	0.000656052270571584
9.881	0.0006517320874975627
9.891	0.0006474401221325823
9.901	0.0006431761770832045
9.911	0.000638940056495322
9.921	0.0006347315660735973
9.931	0.0006305505131009021
9.940999999999999	0.0006263967064577559
9.951	0.0006222699566417649
9.961	0.0006181700757870637
9.971	0.0006140968776837499
9.981	0.0006100501777880237
9.991	0.0006060297929238375
10.001	0.0006020355408791761
10.011	0.0005980672404744607
10.020999999999999	0.000594124711585036
10.030999999999999	0.0005902077751560262
10.041	0.0005863162532171908
10.051	0.0005824499688977845
10.061	0.000578608746441408
10.071	0.0005747924112208692
10.081	0.0005710007897530371
10.091	0.0005672337097136994
10.100999999999999	0.0005634909999524182
10.110999999999999	0.0005597724905073874
10.121	0.0005560780126202873
10.131	0.0005524073987511444
10.141	0.000548760482593184
10.151	0.0005451370990876885
10.161	0.0005415370844388542
10.171	0.0005379602761286469
10.181	0.0005344065129316588
10.190999999999999	0.0005308756349299648
10.201	0.0005273674835279782
10.211	0.0005238819014673098
10.221	0.0005204187328416205
10.231	0.0005169778231313225
10.241	0.0005135590200260546
10.251	0.000510162173269952
10.261	0.0005067871331806669
10.270999999999999	0.0005034337505723806
10.280999999999999	0.000500101876787476
10.291	0.0004967913637282095
10.301	0.0004935020638883857
10.311	0.000490233830385027
10.321	0.0004869865169900476
10.331	0.0004837599781619263
10.341	0.0004805540690773786
10.350999999999999	0.0004773686456630292
10.360999999999999	0.00047420356462708475
10.371	0.00047105868349100566
10.381	0.000467933860621181
10.391	0.00046482895526059743
10.401	0.00046174382756051434
10.411	0.0004586783386121355
10.421	0.00045563235047828184
10.431	0.0004526057262250638
10.440999999999999	0.0004495983299535539
10.451	0.00044661002683145883
10.461	0.000443640683124794
10.471	0.00044069016622955306
10.481	0.00043775834470338227
10.491	0.0004348450882972528
10.501	0.00043195026798713315
10.511	0.0004290737560056616
10.520999999999999	0.00042621542587381877
10.530999999999999	0.00042337515243260027
10.541	0.00042055281187468877
10.551	0.0004177482817761282
10.561	0.0004149614411279937
10.571	0.0004121921703680659
10.581	0.0004094403510301434
10.591	0.0004067058640328644
10.600999999999999	0.00040398859042897864
10.610999999999999	0.0004012884118752701
10.621	0.0003986052106418924
10.631	0.00039593886962160826
10.641	0.00039328927233902347
10.651	0.0003906563029598258
10.661	0.0003880398463000221
10.671	0.0003854397878351749
10.681	0.00038285601370964013
10.690999999999999	0.00038028841074580364
10.701	0.0003777368664533183
10.711	0.00037520126903834296
10.721	0.0003726815074127765
10.731	0.00037017747120349714
10.741	0.000367689050761599
10.751	0.0003652161371716293
10.761	0.00036275862226082514
10.770999999999999	0.00036031639860835125
10.780999999999999	0.0003578893595545366
10.791	0.00035547739921011135
10.801	0.00035308041246544567
10.811	0.00035069829499978413
10.821	0.00034833094329048494
10.831	0.00034597825462225626
10.841	0.00034364012709639345
10.850999999999999	0.0003413164596400163
10.860999999999999	0.00033900715201530616
10.871	0.00033671210482874255
10.881	0.00033443121954034196
10.891	0.0003321643984728926
10.901	0.00032991154482119316
10.911	0.00032767256266128946
10.921	0.00032544735694152883
10.931	0.00032323583304965183
10.940999999999999	0.00032103789659178306
10.951	0.0003188534536773818
10.961	0.0003166824109376715
10.971	0.00031452467552937327
10.981	0.0003123801551384428
10.991	0.0003102487579838058
11.001	0.0003081303928210937
11.011	0.00030602496894637887
11.020999999999999	0.0003039323961999108
11.030999999999999	0.0003018525849698513
11.041	0.00029978544619601
11.051	0.0002977308913735813
11.061	0.0002956888325568779
11.071	0.00029365918236306783
11.081	0.0002916418539759098
11.091	0.0002896367611494887
11.100999999999999	0.00028764381821195134
11.110999999999999	0.00028566294006924207
11.121	0.0002836940422088379
11.131	0.0002817370407034857
11.141	0.0002797918522149359
11.151	0.00027785839399767896
11.161	0.0002759365839026812
11.171	0.0002740263403811201
11.181	0.0002721275824881203
11.190999999999999	0.00027024022988648863
11.201	0.00026836420285045
11.211	0.0002664994222693839
11.221	0.0002646458096515586
11.231	0.00026280328712786736
11.241	0.00026097177745556437
11.251	0.000259151204022
11.261	0.0002573414908483594
11.270999999999999	0.0002555425625857883
11.280999999999999	0.00025375434439212796
11.291	0.00025197676178980046
11.301	0.0002502097406570911
11.311	0.0002484532072341717
11.321	0.0002467070881291274
11.331	0.00024497131032398143
11.341	0.00024324580118072084
11.350999999999999	0.00024153048844732154
11.360999999999999	0.00023982530026377396
11.371	0.00023813016516810792
11.381	0.00023644501210241936
11.391	0.00023476977041889376
11.401	0.00023310436988583288
11.411	0.0002314487406936797
11.421	0.00022980281346104384
11.431	0.000228166519240727
11.440999999999999	0.00022653978952574824
11.451	0.00022492255625536914
11.461	0.00022331475182112026
11.471	0.00022171630907282484
11.481	0.00022012716132462535
11.491	0.00021854724236100847
11.501	0.00021697648644283056
11.511	0.00021541482831334305
11.520999999999999	0.00021386220320421777
11.530999999999999	0.00021231854684157224
11.541	0.000210783795451995
11.551	0.00020925788576857187
11.561	0.00020774075503690974
11.571	0.00020623234102116314
11.581	0.00020473258201005918
11.591	0.00020324141682292305
11.600999999999999	0.00020175878481570333
11.610999999999999	0.000200284625862293
11.621	0.00019881888002896048
11.631	0.00019736148752689926
11.641	0.0001959123888745772
11.651	0.00019447152490363893
11.661	0.00019303883676115204
11.671	0.00019161426591185338
11.681	0.0001901977541403955
11.690999999999999	0.00018878924355359304
11.701	0.00018738867658266893
11.711	0.0001859959959855017
11.721	0.0001846111448488704
11.731	0.000183234066590702
11.741	0.00018186470496231759
11.751	0.00018050300405067867
11.761	0.00017914890828063363
11.770999999999999	0.00017780236241716409
11.780999999999999	0.00017646331156763128
11.791	0.00017513170118402233
11.801	0.00017380747706519743
11.811	0.0001724905853591349
11.821	0.0001711809725651786
11.831	0.00016987858553628386
11.841	0.00016858337148126416
11.850999999999999	0.0001672952779670373
11.860999999999999	0.00016601425292087194
11.871	0.00016474024463263367
11.881	0.00016347320175703236
11.891	0.00016221307331586718
11.901	0.0001609598087002739
11.911	0.00015971335767297107
11.921	0.00015847367037050643
11.931	0.00015724069730550325
11.940999999999999	0.00015601438936890672
11.951	0.0001547946978320687
11.961	0.00015358157430857248
11.971	0.00015237497063960422
11.981	0.00015117483889115263
11.991	0.00014998113136116333
12.001	0.00014879380058189487
12.011	0.00014761279932227448
12.020999999999999	0.00014643808059025418
12.031	0.00014526959763516646
12.041	0.00014410730395008096
12.051	0.00014295115327415936
12.061	0.00014180109959501186
12.071	0.0001406570971510532
12.081	0.00013951910043385844
12.091	0.00013838706419051886
12.100999999999999	0.000137260943425998
12.110999999999999	0.00013614069340548755
12.121	0.00013502626965676315
12.131	0.00013391762797254094
12.141	0.00013281472441283254
12.151	0.00013171751530730166
12.161	0.00013062595725761973
12.171	0.00012954000713982214
12.181	0.0001284596221066638
12.190999999999999	0.00012738475958997542
12.201	0.00012631537730301904
12.211	0.00012525143324284473
12.221	0.00012419288569264557
12.231	0.00012313969322411413
12.241	0.00012209181469979833
12.251	0.00012104920927545737
12.261	0.00012001183640241764
12.270999999999999	0.00011897965582992867
12.281	0.00011795262760751889
12.291	0.00011693071208735227
12.301	0.00011591387001243933
12.311	0.00011490206303540989
12.321	0.00011389525319033767
12.331	0.00011289340254439104
12.341	0.00011189647320391961
12.350999999999999	0.00011090442732249162
12.360999999999999	0.00010991722710893138
12.371	0.0001089348348353564
12.381	0.00010795721284521554
12.391	0.00010698432356132546
12.401	0.00010601612949390851
12.411	0.00010505259324863011
12.421	0.00010409367753463612
12.431	0.0001031393451725902
12.440999999999999	0.00010218955910271118
12.451	0.00010124428239281048
12.461	0.00010030347824632987
12.471	0.00009936711001037817
12.481	0.00009843514118376906
12.491	0.00009750753542505854
12.501	0.00009658425656058216
12.511	0.00009566526859249246
12.520999999999999	0.00009475053570679641
12.531	0.00009384002228139267
12.541	0.00009293369289410948
12.551	0.0000920315123307413
12.561	0.00009113344559308666
12.571	0.00009023945790698556
12.581	0.00008934951473035675
12.591	0.00008846358176123518
12.600999999999999	0.00008758162494580942
12.610999999999999	0.00008670361048645898
12.621	0.00008582950484979163
12.631	0.0000849592747746814
12.641	0.00008409288728030501
12.651	0.00008323030967417995
12.661	0.00008237150956020168
12.671	0.00008151645484668101
12.681	0.00008066511375438157
12.690999999999999	0.00007981745482455712
12.701	0.0000789734469269889
12.711	0.00007813305926802352
12.721	0.00007729626139860952
12.731	0.00007646302322233538
12.741	0.00007563331500346672
12.751	0.000074807107356255
12.761	0.00007398437056527646
12.770999999999999	0.00007316507427546804
12.781	0.00007234918822137469
12.791	0.00007153668227918401
12.801	0.00007072752646651292
12.811	0.00006992169094219596
12.821	0.00006911914600607271
12.831	0.00006831986209877538
12.841	0.00006752380980151648
12.850999999999999	0.00006673095983587642
12.860999999999999	0.00006594128306359115
12.871	0.00006515475048633957
12.881	0.00006437133324553177
12.891	0.00006359100262209581
12.901	0.00006281373003626589
12.911	0.00006203948704736977
12.921	0.00006126824535361648
12.931	0.00006049997679188386
12.940999999999999	0.000059734653337506275
12.951	0.000058972247104061975
12.961	0.00005821273034316135
12.971	0.000057456075444233705
12.981	0.000056702254934315385
12.991	0.00005595124147783734
13.001	0.00005520300787641266
13.011	0.00005445752706862423
13.020999999999999	0.00005371477212981237
13.031	0.00005297471627186228
13.041	0.0000522373328429922
13.051	0.00005150259532754025
13.061	0.00005077047734575257
13.071	0.0000500409526535708
13.081	0.00004931399514241969
13.091	0.000048589578838994746
13.100999999999999	0.00004786767790504983
13.110999999999999	0.00004714826663718478
13.121	0.00004643131946663289
13.131	0.00004571681095904908
13.141	0.000045004715814296676
13.151	0.00004429500886623562
13.161	0.000043587665082509913
13.171	0.00004288265956433523
13.181	0.00004217996754628656
13.190999999999999	0.00004147956439608583
13.201	0.00004078142561438533
13.211	0.000040085526770683016
13.221	0.00003939184333900737
13.231	0.00003870035086914562
13.241	0.00003801102503445606
13.251	0.000037323841630305347
13.261	0.00003663877657250572
13.270999999999999	0.00003595580589575234
13.281	0.000035274905752060385
13.291	0.000034596052409202824
13.301	0.000033919222249146954
13.311	0.000033244391766492154
13.321	0.00003257153756690703
13.331	0.00003190063636556669
13.341	0.00003123166498559003
13.350999999999999	0.00003056460035647695
13.360999999999999	0.000029899419512545687
13.371	0.00002923609959136991
13.381	0.000028574617832216504
13.391	0.000027914951574482114
13.401	0.000027257078256130878
13.411	0.00002660097541213159
13.421	0.00002594662067289496
13.431	0.000025293991762710896
13.440999999999999	0.00002464306649818576
13.451	0.000023993822786679533
13.461	0.000023346238624743524
13.471	0.00002270029209655698
13.481	0.000022055961372364788
13.491	0.000021413224706914642
13.501	0.000020772060437894307
13.511	0.00002013244698436889
13.520999999999999	0.00001949436284521812
13.531	0.00001885778659757347
13.541	0.000018222696895255922
13.551	0.000017589072467212536
13.561	0.000016956892115954157
13.571	0.0000163261347159926
13.581	0.0000156967792122779
13.591	0.00001506880461863559
13.600999999999999	0.00001444219001620396
13.610999999999999	0.000013816914551871338
13.621	0.00001319295743671324
13.631	0.000012570297944430085
13.641	0.000011948915409783799
13.651	0.000011328789227035527
13.661	0.000010709898860391062
13.671	0.000010092223966851949
13.681	9.475744341917079e-6
13.690999999999999	8.860439832216079e-6
13.701	8.246290334360186e-6
13.711	7.633275795223447e-6
13.721	7.021376212222771e-6
13.731	6.4105716335991335e-6
13.741	5.800842158698191e-6
13.751	5.192167938251024e-6
13.761	4.584529174654879e-6
13.770999999999999	3.97790612225392e-6
13.781	3.372279087619823e-6
13.791	2.7676284298329985e-6
13.801	2.1639345607626326e-6
13.811	1.5611779453479073e-6
13.821	9.593391018785846e-7
13.831	3.583986022757851e-7
13.841	-2.4166292762728596e-7
13.850999999999999	-8.408648078046159e-7
13.860999999999999	-1.4392263037566172e-6
13.871	-2.0367666262295108e-6
13.881	-2.6335049309341598e-6
13.891	-3.2294603182659578e-6
13.901	-3.824651833023681e-6
13.911	-4.41909846412884e-6
13.921	-5.01281914434494e-6
13.931	-5.605832749996757e-6
13.940999999999999	-6.198158100689581e-6
13.951	-6.789813959028585e-6
13.961	-7.380819030337675e-6
13.971	-7.97119196237937e-6
13.981	-8.560951345073643e-6
13.991	-9.150115710217296e-6
14.001	-9.738703531203205e-6
14.011	-0.000010326733222739593
14.020999999999999	-0.00001091422314056929
14.031	-0.000011501191581189081
14.041	-0.000012087656781568579
14.051	-0.000012673636918870078
14.061	-0.000013259150110167419
14.071	-0.000013844214412165352
14.081	-0.000014428847820918778
14.091	-0.000015013068271552039
14.100999999999999	-0.000015596893637978152
14.110999999999999	-0.000016180341734207847
14.121	-0.000016763430435755024
14.131	-0.000017346177766935096
14.141	-0.000017928601714753603
14.151	-0.000018510720210240262
14.161	-0.000019092551129941617
14.171	-0.00001967411229741358
14.181	-0.00002025542148471401
14.190999999999999	-0.00002083649641389524
14.201	-0.00002141735475849673
14.211	-0.000021998014145037238
14.221	-0.000022578492154507956
14.231	-0.00002315880632386467
14.241	-0.0000237389741475204
14.251	-0.000024319013078837972
14.261	-0.00002489894053162255
14.270999999999999	-0.000025478773881614203
14.281	-0.000026058530467980547
14.291	-0.0000266382275948089
14.301	-0.000027217882532599436
14.311	-0.000027797512519757342
14.321	-0.000028377134764085456
14.331	-0.00002895676644427683
14.341	-0.00002953642471140728
14.350999999999999	-0.00003011612669042794
14.360999999999999	-0.0000306958894816578
14.371	-0.000031275730162276386
14.381	-0.00003185566578781588
14.391	-0.000032435713393654294
14.401	-0.00003301588999650761
14.411	-0.000033596212595922456
14.421	-0.00003417669817576862
14.431	-0.00003475736370573163
14.440999999999999	-0.00003533822614280529
14.451	-0.00003591930243278435
14.461	-0.00003650060951175663
14.471	-0.00003708216430759622
14.481	-0.00003766398374145557
14.491	-0.0000382460847292582
14.501	-0.00003882848418319121
14.511	-0.000039411199013197854
14.520999999999999	-0.00003999424612847007
14.531	-0.000040577642438941185
14.541	-0.00004116140485677799
14.551	-0.000041745550297873954
14.561	-0.00004233009567682585
14.571	-0.00004291505784296218
14.581	-0.0000435004535949231
14.591	-0.00004408629971646293
14.600999999999999	-0.0000446726129775692
14.610999999999999	-0.000045259410135094365
14.621	-0.0000458467079333876
14.631	-0.00004643452310492614
14.641	-0.0000470228723709476
14.651	-0.000047611772442081275
14.661	-0.00004820124001897995
14.671	-0.00004879129179295167
14.681	-0.00004938194444659139
14.690999999999999	-0.000049973214654412725
14.701	-0.00005056511908347977
14.711	-0.000051157674394038415
14.721	-0.00005175089724014866
14.731	-0.000052344804270315906
14.741	-0.00005293941212812284
14.751	-0.00005353473745286107
14.761	-0.0000541307968801629
14.770999999999999	-0.000054727607042633045
14.781	-0.00005532518457048041
14.791	-0.00005592354609214942
14.801	-0.00005652270823495238
14.811	-0.00005712268762570072
14.821	-0.00005772350089133691
14.831	-0.00005832516465956605
14.841	-0.00005892769555948769
14.850999999999999	-0.000059531110222227534
14.860999999999999	-0.0000601354252815691
14.871	-0.0000607406573745856
14.881	-0.0000613468231422712
14.891	-0.00006195393923017341
14.901	-0.00006256202228902432
14.911	-0.0000631710889753725
14.921	-0.00006378115595221462
14.931	-0.00006439223988962728
14.940999999999999	-0.00006500435746539862
14.951	-0.00006561752536566023
14.961	-0.00006623176028551838
14.971	-0.00006684707892968639
14.981	-0.00006746349801311598
14.991	-0.000068081034261629
