0.001	3.1395829947763167
0.011	3.119486894839719
0.021	3.0993931651091446
0.031	3.079303969488162
0.041	3.059221459966205
0.051000000000000004	3.039147784472651
0.061	3.019085083836085
0.07100000000000001	2.9990354902155585
0.081	2.9790011255947704
0.091	2.958984098768803
0.101	2.9389865045316452
0.111	2.9190104222895727
0.121	2.8990579139832624
0.131	2.879131023353299
0.14100000000000001	2.859231775154296
0.151	2.839362169892115
0.161	2.81952418665561
0.171	2.7997197807358005
0.181	2.7799508794380294
0.191	2.760219383404982
0.201	2.740527168133242
0.211	2.7208760748200165
0.221	2.7012679191108937
0.231	2.6817044825878464
0.241	2.6621875135720914
0.251	2.6427187307021396
0.261	2.623299813917704
0.271	2.6039324118036693
0.281	2.5846181361300973
0.291	2.5653585614183005
0.301	2.5461552281730664
0.311	2.5270096367557833
0.321	2.5079232517717793
0.331	2.48889749969157
0.341	2.4699337676241715
0.35100000000000003	2.4510334063582957
0.361	2.432197725597609
0.371	2.4134279987997695
0.381	2.394725458542724
0.391	2.376091300536849
0.401	2.357526680769286
0.41100000000000003	2.3390327174318677
0.421	2.3206104902875073
0.431	2.3022610415026006
0.441	2.2839853752095296
0.451	2.2657844595256047
0.461	2.247659223773724
0.47100000000000003	2.2296105633872205
0.481	2.2116393362469853
0.491	2.193746365903063
0.501	2.1759324422217223
0.511	2.1581983183742164
0.521	2.1405447178962724
0.531	2.122972329218189
0.541	2.105481809280097
0.551	2.0880737864496157
0.561	2.0707488548546107
0.5710000000000001	2.053507583264821
0.581	2.0363505099509283
0.591	2.0192781442132337
0.601	2.0022909710826373
0.611	1.985389450107812
0.621	1.9685740144816604
0.631	1.9518450732376227
0.641	1.9352030141046146
0.651	1.9186482035143417
0.661	1.9021809875757132
0.671	1.88580168057619
0.681	1.8695105892616999
0.6910000000000001	1.8533080028133682
0.7010000000000001	1.8371941862851224
0.711	1.8211693947517613
0.721	1.8052338654452686
0.731	1.7893878175220137
0.741	1.7736314633829573
0.751	1.7579649982894594
0.761	1.74238860435077
0.771	1.7269024605130319
0.781	1.7115067282427812
0.791	1.6962015560348833
0.801	1.6809870941220415
0.811	1.6658634835748103
0.8210000000000001	1.6508308505474496
0.8310000000000001	1.6358893200367046
0.841	1.621039017100487
0.851	1.6062800538804896
0.861	1.5916125378944304
0.871	1.5770365797722594
0.881	1.562552284229136
0.891	1.5481597523749016
0.901	1.5338590862113197
0.911	1.519650383462456
0.921	1.5055337409847798
0.931	1.491509257928752
0.9410000000000001	1.4775770302109354
0.9510000000000001	1.4637371548080198
0.961	1.449989730384848
0.971	1.4363348540777028
0.981	1.4227726250496007
0.991	1.4093031436774837
1.001	1.3959265102970881
1.011	1.3826428269563322
1.021	1.3694521968664508
1.031	1.3563547249529402
1.041	1.34335051617841
1.051	1.3304396761039117
1.061	1.3176223128853297
1.071	1.304898534180289
1.081	1.2922684470437031
1.091	1.2797321598199483
1.101	1.2672897804360455
1.111	1.254941415479862
1.121	1.2426871713626504
1.131	1.2305271532129964
1.141	1.2184614634450692
1.151	1.2064902026677262
1.1609999999999998	1.1946134689837236
1.1709999999999998	1.1828313563936805
1.1809999999999998	1.171143955153675
1.1909999999999998	1.159551351435391
1.2009999999999998	1.1480536257701883
1.2109999999999999	1.1366508528406334
1.2209999999999999	1.125343101292063
1.2309999999999999	1.1141304326940293
1.2409999999999999	1.1030129008253509
1.251	1.0919905512690682
1.261	1.0810634196628435
1.271	1.0702315320175386
1.281	1.0594949050308884
1.291	1.0488535441114415
1.301	1.0383074423590923
1.311	1.0278565806496558
1.321	1.0175009274696547
1.331	1.0072404375770492
1.341	0.9970750512060977
1.351	0.9870046940269841
1.361	0.9770292769142312
1.371	0.9671486948361233
1.381	0.9573628262837026
1.391	0.9476715332592828
1.401	0.9380746610677183
1.4109999999999998	0.9285720374240488
1.4209999999999998	0.9191634721090267
1.4309999999999998	0.9098487570387961
1.4409999999999998	0.9006276661177709
1.4509999999999998	0.8914999546080775
1.4609999999999999	0.8824653590188511
1.4709999999999999	0.8735235972410332
1.4809999999999999	0.8646743685459252
1.4909999999999999	0.8559173531609711
1.501	0.8472522122912518
1.511	0.8386785884382533
1.521	0.8301961056132535
1.531	0.82180436915122
1.541	0.8135029659967797
1.551	0.8052914649522406
1.561	0.7971694168464494
1.571	0.7891363547357878
1.581	0.7811917944486468
1.591	0.7733352349805092
1.601	0.7655661587004449
1.611	0.757884031562708
1.621	0.7502883037716815
1.631	0.7427784105968764
1.641	0.7353537725968409
1.651	0.7280137957761552
1.661	0.7207578721195015
1.6709999999999998	0.7135853807879124
1.6809999999999998	0.7064956885729428
1.6909999999999998	0.6994881500494181
1.7009999999999998	0.6925621078648461
1.7109999999999999	0.6857168939123978
1.7209999999999999	0.6789518302335684
1.7309999999999999	0.6722662292244225
1.7409999999999999	0.6656593938214191
1.751	0.6591306182686228
1.761	0.6526791893796664
1.771	0.64630438693151
1.781	0.6400054838540783
1.791	0.6337817463355236
1.801	0.627632435151062
1.811	0.6215568071775394
1.821	0.6155541154069138
1.831	0.6096236088331943
1.841	0.6037645323579621
1.851	0.5979761275985903
1.861	0.5922576347693315
1.871	0.5866082930409571
1.881	0.5810273406218315
1.891	0.5755140148499046
1.901	0.5700675523825081
1.911	0.5646871904015902
1.9209999999999998	0.559372166827247
1.9309999999999998	0.55412172045847
1.9409999999999998	0.5489350918027652
1.9509999999999998	0.5438115236830057
1.9609999999999999	0.5387502610415116
1.9709999999999999	0.5337505517536287
1.9809999999999999	0.5288116468662011
1.9909999999999999	0.5239328005539357
2.001	0.5191132704430482
2.011	0.5143523183154606
2.021	0.5096492100993438
2.031	0.5050032162125357
2.041	0.5004136119615631
2.0509999999999997	0.4958796777284008
2.061	0.49140069903361183
2.0709999999999997	0.4869759667906004
2.081	0.4826047775232037
2.0909999999999997	0.4782864335835484
2.101	0.4740202433214379
2.1109999999999998	0.46980552112485857
2.121	0.46564158758522534
2.131	0.4615277697067023
2.141	0.4574634010933011
2.151	0.4534478219402846
2.161	0.4494803790336509
2.171	0.44556042591588735
2.181	0.4416873230647621
2.191	0.4378604379879214
2.201	0.43407914510473705
2.211	0.4303428257822722
2.221	0.4266508684644741
2.231	0.4230026688178256
2.241	0.4193976298571776
2.251	0.41583516156622186
2.261	0.4123146808332108
2.271	0.4088356116194966
2.281	0.4053973851303617
2.291	0.4019994399856166
2.301	0.3986412222674596
2.311	0.3953221850642716
2.3209999999999997	0.39204178828687347
2.331	0.3887994987797118
2.3409999999999997	0.3855947904408468
2.351	0.3824271443419392
2.3609999999999998	0.3792960488295958
2.371	0.3762009992901089
2.381	0.3731414977615434
2.391	0.3701170529510209
2.401	0.3671271803076616
2.411	0.3641714020953101
2.421	0.3612492474648158
2.431	0.3583602524122988
2.441	0.3555039593955678
2.451	0.35267991720894265
2.461	0.34988768101304024
2.471	0.3471268123644126
2.481	0.3443968792451874
2.491	0.34169745607672486
2.501	0.33902812350746275
2.511	0.3363884681612063
2.521	0.33377808261855474
2.531	0.331196565414986
2.541	0.32864352103876887
2.551	0.32611855992842986
2.561	0.3236212983976946
2.5709999999999997	0.3211513583853236
2.581	0.318708367364834
2.5909999999999997	0.3162919583210733
2.601	0.3139017697254057
2.6109999999999998	0.3115374455108985
2.621	0.30919863503732337
2.631	0.3068849929365308
2.641	0.3045961789596133
2.651	0.3023318579342576
2.661	0.3000916997256123
2.671	0.29787537919708745
2.681	0.29568257617081484
2.691	0.29351297534977605
2.701	0.2913662661656533
2.711	0.28924214270817555
2.721	0.2871403036783678
2.731	0.28506045234080263
2.741	0.2830022964758509
2.751	0.28096554832645787
2.761	0.27894992449205247
2.771	0.2769551458344615
2.781	0.27498093742662894
2.791	0.27302702850073884
2.801	0.27109315239631687
2.811	0.2691790465081236
2.8209999999999997	0.26728445221756114
2.831	0.26540911480137
2.8409999999999997	0.26355278337420096
2.851	0.26171521083619115
2.8609999999999998	0.25989615381998565
2.871	0.25809537263775784
2.881	0.2563126312287376
2.891	0.2545476970953757
2.901	0.2528003412221657
2.911	0.25107033802297263
2.921	0.24935746529566005
2.931	0.24766150417672045
2.941	0.24598223909590755
2.951	0.24431945772989905
2.961	0.2426729509293369
2.971	0.2410425126560168
2.981	0.2394279399522781
2.991	0.23782903289100776
3.001	0.23624559452443147
3.011	0.23467743083290343
3.021	0.23312435067369772
3.031	0.23158616573174617
3.041	0.2300626904814625
3.051	0.22855374214644814
3.061	0.22705914065406765
3.071	0.22557870858996565
3.081	0.22411227115258484
3.0909999999999997	0.22265965610768298
3.101	0.22122069374274828
3.1109999999999998	0.2197952168256074
3.121	0.2183830605768594
3.131	0.21698406263285666
3.141	0.21559806300319792
3.151	0.21422490402816938
3.161	0.21286443033618455
3.171	0.2115164888012325
3.181	0.21018092850415176
3.191	0.20885760071147563
3.201	0.2075463588474495
3.211	0.2062470584556684
3.221	0.2049595571602855
3.231	0.20368371462722154
3.241	0.20241939252537328
3.251	0.20116645448917878
3.261	0.19992476609728668
3.271	0.19869419485416073
3.281	0.1974746101569697
3.291	0.19626588326111447
3.301	0.19506788724575516
3.311	0.1938804969793399
3.321	0.1927035890852477
3.331	0.19153704191526888
3.3409999999999997	0.19038073553830517
3.351	0.18923455171544523
3.3609999999999998	0.18809837386909609
3.371	0.18697208705207224
3.381	0.18585557791668597
3.391	0.18474873468383424
3.401	0.18365144709847173
3.411	0.18256360639175792
3.421	0.18148510532765977
3.431	0.1804158381864209
3.441	0.17935570073288445
3.451	0.17830459018481493
3.461	0.17726240518122108
3.471	0.17622904575067794
3.481	0.17520441327964936
3.491	0.17418841048081027
3.501	0.17318094136136924
3.511	0.17218191119139062
3.521	0.1711912264744309
3.531	0.17020879496179053
3.541	0.16923452569098876
3.551	0.1682683289672292
3.561	0.1673101163345997
3.571	0.16635980054726618
3.581	0.16541729554066725
3.5909999999999997	0.1644825164027079
3.601	0.1635553793449538
3.6109999999999998	0.16263580167382555
3.621	0.16172370176179265
3.631	0.16081899901856778
3.641	0.15992161386473597
3.651	0.15903146775522542
3.661	0.15814848321871847
3.671	0.15727258383636508
3.681	0.15640369421826777
3.691	0.1555417399802016
3.701	0.15468664772033355
3.711	0.15383834499594246
3.721	0.1529967603001385
3.731	0.15216182303858317
3.741	0.15133346350620855
3.751	0.15051161286393744
3.761	0.14969620311593357
3.771	0.1488871671159928
3.781	0.1480844386074029
3.791	0.1472879522105164
3.801	0.146497643403332
3.811	0.1457134485026864
3.821	0.14493530464544602
3.831	0.14416314976969916
3.8409999999999997	0.14339692259594752
3.851	0.14263656260829832
3.8609999999999998	0.1418820100356561
3.871	0.14113320583291455
3.881	0.1403900916621968
3.891	0.13965260988892014
3.901	0.1389207036159153
3.911	0.13819431667950074
3.921	0.13747339363330374
3.931	0.1367578797331123
3.941	0.13604772092172732
3.951	0.13534286381381455
3.961	0.13464325568075688
3.971	0.13394884443550611
3.981	0.1332595786174353
3.991	0.1325754073771905
4.001	0.13189628046154328
4.011	0.13122214820444306
4.021000000000001	0.13055296155144236
4.031000000000001	0.12988867206380134
4.041	0.12922923190509214
4.051	0.1285745938289583
4.061000000000001	0.1279247111668741
4.071000000000001	0.1272795378159038
4.081	0.12663902822646075
4.091	0.1260031373900668
4.101	0.12537182082711154
4.111000000000001	0.12474503457461146
4.121	0.12412273517396942
4.131	0.1235048796609166
4.141	0.12289142557965758
4.151000000000001	0.12228233099290403
4.1610000000000005	0.1216775544712328
4.171	0.12107705508311492
4.181	0.12048079238496877
4.191000000000001	0.11988872641121255
4.2010000000000005	0.11930081766431742
4.211	0.11871702710485987
4.221	0.11813731614157477
4.231000000000001	0.11756164662140799
4.2410000000000005	0.11698998081956939
4.251	0.11642228143020544
4.261	0.11585851157242258
4.271000000000001	0.11529863480290994
4.281000000000001	0.11474261510830576
4.291	0.1141904168969697
4.301	0.11364200499087833
4.311000000000001	0.11309734461752041
4.321000000000001	0.11255640140179245
4.331	0.11201914135789373
4.341	0.11148553088122193
4.351000000000001	0.11095553674026827
4.361000000000001	0.11042912606851317
4.371	0.10990626635643379
4.381	0.1093869254519848
4.391	0.10887107157291152
4.401000000000001	0.10835867330241968
4.4110000000000005	0.10784969958228662
4.421	0.10734411970623073
4.431	0.10684190331328144
4.441000000000001	0.10634302038114889
4.4510000000000005	0.10584744121959387
4.461	0.1053551364637973
4.471	0.10486607706773023
4.481000000000001	0.10438023429752347
4.4910000000000005	0.10389757972484363
4.501	0.10341808522430243
4.511	0.10294172298348563
4.521000000000001	0.10246846550179518
4.531000000000001	0.10199828558464691
4.541	0.10153115633802491
4.551	0.10106705116303669
4.561000000000001	0.10060594375046787
4.571000000000001	0.10014780807533714
4.581	0.09969261839145097
4.591	0.09924034922595844
4.601000000000001	0.09879097537390613
4.611000000000001	0.09834447189279306
4.621	0.09790081409960043
4.631	0.09745997757961096
4.641	0.09702193818327898
4.651000000000001	0.09658667202057282
4.6610000000000005	0.096154155457248
4.671	0.09572436511112029
4.681	0.09529727784833929
4.691000000000001	0.09487287077966174
4.7010000000000005	0.09445112125672496
4.711	0.09403200686832006
4.721	0.09361550543666541
4.731000000000001	0.09320159501368003
4.7410000000000005	0.09279025387725696
4.751	0.09238146052760161
4.761	0.09197519369542705
4.771000000000001	0.09157143234944604
4.781000000000001	0.09117015566821436
4.791	0.09077134303584909
4.801	0.0903749740415732
4.811000000000001	0.08998102847926004
4.821000000000001	0.08958948634697798
4.831	0.08920032784653475
4.841	0.08881353338302206
4.851000000000001	0.08842908356436009
4.861000000000001	0.0880469592008421
4.871	0.08766714130467879
4.881	0.08728961108954292
4.891	0.08691434996981989
4.901000000000001	0.08654133954974505
4.9110000000000005	0.08617056160925175
4.921	0.08580199810531823
4.931	0.08543563117131213
4.941000000000001	0.08507144311604715
4.9510000000000005	0.08470941642283983
4.961	0.08434953374856607
4.971	0.08399177792271795
4.981000000000001	0.08363613194646033
4.9910000000000005	0.0832825789916877
5.001	0.08293110240008063
5.011	0.08258168568216266
5.021000000000001	0.08223431251635685
5.031000000000001	0.08188896674715329
5.041	0.08154563237463264
5.051	0.08120429355085632
5.061000000000001	0.08086493458124794
5.071000000000001	0.08052753992327029
5.081	0.08019209418506663
5.091	0.07985858212410243
5.101000000000001	0.07952698864580683
5.111000000000001	0.07919729880221428
5.121	0.078869497790606
5.131	0.07854357095215155
5.141	0.0782195037705504
5.151000000000001	0.07789728187067348
5.1610000000000005	0.07757689101720479
5.171	0.077258317112616
5.181	0.0769415461927785
5.191000000000001	0.07662656442589307
5.2010000000000005	0.07631335811159992
5.211	0.0760019136796562
5.221	0.07569221768861384
5.231000000000001	0.07538425682449715
5.2410000000000005	0.0750780178994807
5.251	0.07477348785056682
5.261	0.0744706537382635
5.271000000000001	0.07416950274526193
5.281000000000001	0.07387002217511437
5.291	0.07357219945091174
5.301	0.0732760221139602
5.311000000000001	0.07298147782226028
5.321000000000001	0.07268855434865153
5.331	0.07239723957955202
5.341	0.07210752151382026
5.351000000000001	0.07181938826160388
5.361000000000001	0.07153282804318856
5.371	0.07124782918784675
5.381	0.07096438013268652
5.391	0.07068246942150044
5.401000000000001	0.07040208570361425
5.4110000000000005	0.07012321773273593
5.421	0.06984585436580425
5.431	0.0695699845618377
5.441000000000001	0.06929559738081963
5.4510000000000005	0.0690226819831455
5.461	0.0687512276279885
5.471	0.06848122367146824
5.481000000000001	0.06821265956573046
5.4910000000000005	0.06794552485806005
5.501	0.06767980918999354
5.511	0.067415502296432
5.521000000000001	0.06715259400475378
5.531000000000001	0.06689107423392726
5.541	0.06663093299362358
5.551	0.06637216038332941
5.561000000000001	0.06611474659145973
5.571000000000001	0.0658586818944706
5.581	0.0656039566559355
5.591	0.06535056132514194
5.601000000000001	0.06509848643569557
5.611000000000001	0.06484772260470249
5.621	0.06459826053199773
5.631	0.0643500909993738
5.641	0.0641032048698091
5.651000000000001	0.06385759308669617
5.6610000000000005	0.0636132466730703
5.671	0.06337015673083779
5.681	0.06312831444000438
5.691000000000001	0.06288771105790365
5.7010000000000005	0.06264833791842551
5.711	0.06241018643124456
5.721	0.06217324808212153
5.731000000000001	0.06193751443393098
5.7410000000000005	0.061702977121689276
5.751	0.06146962785105976
5.761	0.06123745839786711
5.771000000000001	0.06100646060761156
5.781000000000001	0.06077662639498326
5.791	0.060547947743376435
5.801	0.06032041670440372
5.811000000000001	0.06009402539741041
5.821000000000001	0.059868766008988814
5.831	0.0596446307924924
5.841	0.05942161206755015
5.851000000000001	0.059199702219580805
5.861000000000001	0.05897889369930719
5.871	0.05875917902227041
5.881	0.05854055076834416
5.891	0.058323001581249014
5.901000000000001	0.058106524168066664
5.9110000000000005	0.05789111129875425
5.921	0.05767675580554232
5.931	0.057463450580619
5.941000000000001	0.057251188574129926
5.9510000000000005	0.05703996279395578
5.961	0.056829766305315124
5.971	0.05662059223035957
5.981000000000001	0.05641243374776879
5.9910000000000005	0.056205284092345695
6.001	0.055999136554611355
6.011	0.055793984480400176
6.021000000000001	0.05558982127045491
6.031000000000001	0.0553866403800218
6.041	0.05518443531844556
6.051	0.05498319964876448
6.061000000000001	0.054782926987305525
6.071000000000001	0.05458361100327939
6.081	0.05438524541837553
6.091	0.05418782400635727
6.101000000000001	0.053991340592656874
6.111000000000001	0.053795789053970616
6.121	0.05360116331784697
6.131	0.05340745736159272
6.141000000000001	0.053214665210339476
6.151000000000001	0.05302278093669447
6.1610000000000005	0.052831798660445545
6.171	0.05264171254822087
6.181	0.05245251681314846
6.191000000000001	0.05226420571451576
6.2010000000000005	0.05207677355742926
6.211	0.051890214692474
6.221	0.05170452351537318
6.231000000000001	0.05151969446664772
6.2410000000000005	0.05133572203127593
6.251	0.05115260073835292
6.261	0.05097032516075031
6.271000000000001	0.05078888991477574
6.281000000000001	0.05060828965983249
6.291	0.050428519098078994
6.301	0.05024957297408849
6.311000000000001	0.050071446074508516
6.321000000000001	0.049894133227720586
6.331	0.049717629303388175
6.341	0.049541929211247185
6.351000000000001	0.04936702790028658
6.361000000000001	0.049192920358479955
6.371	0.04901960161250819
6.381	0.04884706672748234
6.391000000000001	0.04867531080666633
6.401000000000001	0.0485043289911998
6.4110000000000005	0.048334116459820824
6.421	0.04816466842858869
6.431	0.047995980150606715
6.441000000000001	0.047828046915744965
6.4510000000000005	0.04766086405036309
6.461	0.04749442691703305
6.471	0.04732873091426191
6.481000000000001	0.04716377147621458
6.4910000000000005	0.04699954407243668
6.501	0.046836044207577206
6.511	0.04667326742111137
6.521000000000001	0.04651120928706335
6.531000000000001	0.04634986541370279
6.541	0.046189231442697265
6.551	0.04602930304832492
6.561000000000001	0.04587007593735807
6.571000000000001	0.04571154584883203
6.581	0.045553708553806284
6.591	0.04539655985512575
6.601000000000001	0.04524009558718208
6.611000000000001	0.0450843116156749
6.621	0.04492920383737301
6.631	0.044774768179875704
6.641000000000001	0.044621000601373945
6.651000000000001	0.04446789709041174
6.6610000000000005	0.04431545366564724
6.671	0.04416366637561411
6.681	0.04401253129848273
6.691000000000001	0.04386204454182143
6.7010000000000005	0.04371220224235782
6.711	0.04356300056573995
6.721	0.04341443570629761
6.731000000000001	0.04326650388680388
6.7410000000000005	0.04311920135824524
6.751	0.042972524399292104
6.761	0.042826469315719436
6.771000000000001	0.0426810324401879
6.781000000000001	0.04253621013205766
6.791	0.04239199877720209
6.801	0.04224839478782163
6.811000000000001	0.042105394602257526
6.821000000000001	0.0419629946848057
6.831	0.041821191525530425
6.841	0.04167998164007819
6.851000000000001	0.04153936156949145
6.861000000000001	0.04139932788002245
6.871	0.04125987716294698
6.881	0.04112100603437816
6.891000000000001	0.04098271113508025
6.901000000000001	0.040844989130282436
6.9110000000000005	0.0407078367094926
6.921	0.0405712505863111
6.931	0.0404352274982446
6.941000000000001	0.04029976420648646
6.9510000000000005	0.0401648574953935
6.961	0.04003050417208143
6.971	0.03989670106627678
6.981000000000001	0.03976344503016017
6.9910000000000005	0.03963073293820946
7.001	0.03949856168704293
7.011	0.039366928195262385
7.021000000000001	0.03923582940329632
7.031000000000001	0.03910526227324316
7.041	0.03897522378871428
7.051	0.038845710954677246
7.061000000000001	0.03871672079729895
7.071000000000001	0.03858825036378878
7.081	0.038460296722241744
7.091	0.03833285696148162
7.101000000000001	0.038205928190904154
7.111000000000001	0.03807950754032018
7.121	0.0379535921597988
7.131	0.03782817921951049
7.141000000000001	0.03770326590956893
7.151000000000001	0.03757884943978366
7.1610000000000005	0.03745492703925803
7.171	0.03733149595618025
7.181	0.03720855345769296
7.191000000000001	0.037086096829763576
7.2010000000000005	0.03696412337705467
7.211	0.036842630422794176
7.221	0.03672161530864584
7.231000000000001	0.03660107539457946
7.2410000000000005	0.036481008058741306
7.251	0.03636141069732432
7.261	0.03624228072443856
7.271000000000001	0.03612361557198144
7.281000000000001	0.03600541268950815
7.291	0.035887669544101886
7.301	0.035770383620244234
7.311000000000001	0.03565355241968547
7.321000000000001	0.035537173461314936
7.331	0.0354212442810313
7.341	0.035305762431613284
7.351000000000001	0.03519072548298602
7.361000000000001	0.03507613102254577
7.371	0.034961976653658154
7.381	0.03484825999533049
7.391000000000001	0.03473497868214938
7.401000000000001	0.03462213036421829
7.4110000000000005	0.03450971270709521
7.421	0.034397723391730195
7.431	0.03428616011440305
7.441000000000001	0.03417502058666088
7.4510000000000005	0.03406430253525574
7.461	0.03395400370208221
7.471	0.033844121844115026
7.481000000000001	0.033734654733346664
7.4910000000000005	0.03362560015672501
7.501	0.033516955916090885
7.511	0.033408719828115704
7.521000000000001	0.03330088972423908
7.531000000000001	0.033193463450606434
7.541	0.033086438868006586
7.551	0.0329798138518094
7.561000000000001	0.03287358629190332
7.571000000000001	0.03276775409263057
7.581	0.032662315172081825
7.591	0.032557267460866776
7.601000000000001	0.032452608902894906
7.611000000000001	0.03234833745545645
7.621	0.03224445108913334
7.631	0.03214094778771031
7.641000000000001	0.032037825548085874
7.651000000000001	0.031935082380183416
7.6610000000000005	0.03183271630686215
7.671	0.03173072536382819
7.681	0.0316291075995456
7.691000000000001	0.03152786107514736
7.7010000000000005	0.03142698386434649
7.711	0.03132647405334698
7.721	0.031226329740754906
7.731000000000001	0.03112654903748939
7.7410000000000005	0.03102713006669371
7.751	0.030928070963646245
7.761	0.03082936987567157
7.771000000000001	0.03073102496205144
7.781000000000001	0.030633034393935884
7.791	0.030535396354254164
7.801	0.030438109037616894
7.811000000000001	0.030341170649469028
7.821000000000001	0.03024457940561885
7.831	0.03014833353356898
7.841	0.03005243127254193
7.851000000000001	0.02995687087334958
7.861000000000001	0.029861650598262623
7.871	0.029766768720879997
7.881	0.029672223525998367
7.891000000000001	0.029578013309481555
7.901000000000001	0.029484136378130046
7.9110000000000005	0.029390591049550368
7.921	0.029297375652024598
7.931000000000001	0.029204488524379804
7.941000000000001	0.029111928015857512
7.9510000000000005	0.02901969248598313
7.961	0.028927780304435425
7.971	0.02883618985091598
7.981000000000001	0.028744919515018633
7.9910000000000005	0.028653967696098962
8.001	0.028563332803143705
8.011	0.028473013254640214
8.020999999999999	0.028383007478445944
8.030999999999999	0.028293313911664366
8.041	0.02820393100092345
8.051	0.0281148572029829
8.061	0.0280260909845605
8.071	0.02793763082220527
8.081	0.02784947520219131
8.091	0.02776162262041157
8.100999999999999	0.027674071582271677
8.110999999999999	0.027586820602583738
8.121	0.027499868205460153
8.131	0.02741321292420746
8.141	0.02732685330122008
8.151	0.02724078788787416
8.161	0.027155015244421397
8.171	0.027069533939882838
8.181	0.026984342551942674
8.190999999999999	0.026899439666842075
8.200999999999999	0.026814823879272986
8.211	0.026730493792271923
8.221	0.02664644801711385
8.231	0.026562685173205904
8.241	0.026479203887981233
8.251	0.026396002796792845
8.261	0.026313080542819035
8.270999999999999	0.026230435777380604
8.280999999999999	0.02614806716037226
8.291	0.02606597336005845
8.301	0.0259841530529751
8.311	0.02590260492384464
8.321	0.02582132766549119
8.331	0.02574031997875566
8.341	0.025659580572410846
8.350999999999999	0.02557910816307657
8.360999999999999	0.025498901475134773
8.371	0.025418959240644634
8.381	0.025339280199257727
8.391	0.02525986309813307
8.401	0.025180706691852274
8.411	0.025101809742334658
8.421	0.02502317101875236
8.431	0.024944789297445456
8.440999999999999	0.024866663361837064
8.450999999999999	0.024788792002348483
8.461	0.024711174016314258
8.471	0.02463380820789739
8.481	0.024556693388004334
8.491	0.02447982837421597
8.501	0.024403211991076566
8.511	0.0243268430703644
8.520999999999999	0.024250720450924124
8.530999999999999	0.024174842978592407
8.541	0.02409920950612985
8.551	0.024023818893153012
8.561	0.023948670006066274
8.571	0.023873761717993842
8.581	0.023799092908711673
8.591	0.02372466246457945
8.600999999999999	0.023650469278472506
8.610999999999999	0.0235765122497138
8.621	0.02350279028400583
8.631	0.02342930229336265
8.641	0.023356047196041743
8.651	0.02328302391647602
8.661	0.023210231385205747
8.671	0.02313766853881052
8.681	0.023065334319841195
8.690999999999999	0.022993227676751844
8.701	0.022921347563831688
8.711	0.02284969294113712
8.721	0.022778262774443156
8.731	0.022707056035496956
8.741	0.02263607170217232
8.751	0.02256530875833749
8.761	0.022494766193797793
8.770999999999999	0.02242444300424098
8.780999999999999	0.022354338191182474
8.791	0.022284450761910685
8.801	0.022214779729432317
8.811	0.02214532411241763
8.821	0.022076082935145742
8.831	0.022007055227449935
8.841	0.02193824002466293
8.850999999999999	0.02186963636756219
8.860999999999999	0.021801243302315223
8.871	0.02173305988042484
8.881	0.021665085158674505
8.891	0.02159731819907356
8.901	0.02152975806880257
8.911	0.02146240384015859
8.921	0.02139525459050046
8.931	0.02132830940219411
8.940999999999999	0.021261567362557847
8.951	0.02119502756377864
8.961	0.0211286891027293
8.971	0.021062551081365715
8.981	0.0209966126069073
8.991	0.020930872791782473
9.001	0.02086533075357217
9.011	0.020799985614953383
9.020999999999999	0.02073483650364265
9.030999999999999	0.020669882552339616
9.041	0.020605122898670496
9.051	0.020540556685131682
9.061	0.020476183059033173
9.071	0.020412001172442143
9.081	0.020348010182126456
9.091	0.02028420924949818
9.100999999999999	0.020220597540557113
9.110999999999999	0.020157174225834303
9.121	0.020093938480335548
9.131	0.020030889483484974
9.141	0.01996802641906848
9.151	0.019905348475177314
9.161	0.019842854844151558
9.171	0.01978054472252368
9.181	0.01971841731096203
9.190999999999999	0.019656471814214364
9.201	0.019594707441051375
9.211	0.019533123404295707
9.221	0.019471718921439524
9.231	0.01941049321455405
9.241	0.019349445510035694
9.251	0.01928857503856787
9.261	0.0192278810350841
9.270999999999999	0.019167362738731094
9.280999999999999	0.019107019392831836
9.291	0.019046850244848652
9.301	0.01898685454634635
9.311	0.018927031552955227
9.321	0.018867380524334218
9.331	0.01880790072413394
9.341	0.018748591419959812
9.350999999999999	0.018689451883335113
9.360999999999999	0.01863048138966408
9.371	0.018571679218194984
9.381	0.01851304465198325
9.391	0.018454576977854485
9.401	0.018396275486367603
9.411	0.018338139471777898
9.421	0.01828016823200014
9.431	0.018222361068571644
9.440999999999999	0.018164717286615367
9.451	0.01810723619480298
9.461	0.018049917105317993
9.471	0.017992759333834867
9.481	0.01793576219964715
9.491	0.017878925025761286
9.501	0.017822247138865495
9.511	0.01776572786929705
9.520999999999999	0.017709366551009537
9.530999999999999	0.017653162521540148
9.541	0.017597115121976942
9.551	0.017541223696926185
9.561	0.01748548759447954
9.571	0.01742990616618141
9.581	0.017374478766996215
9.591	0.017319204755275642
9.600999999999999	0.01726408349272596
9.610999999999999	0.017209114344375272
9.621	0.01715429667854081
9.631	0.017099629866796234
9.641	0.017045113283938873
9.651	0.01699074630795703
9.661	0.016936528319997254
9.671	0.016882458704331638
9.681	0.01682853684832507
9.690999999999999	0.016774762142402543
9.701	0.016721133980016404
9.711	0.016667651757613693
9.721	0.01661431487460334
9.731	0.01656112273336672
9.741	0.01650807473947476
9.751	0.016455170301675707
9.761	0.016402408831832513
9.770999999999999	0.01634978974489686
9.780999999999999	0.01629731245888315
9.791	0.01624497639484255
9.801	0.016192780976836994
9.811	0.01614072563191318
9.821	0.01608880979007661
9.831	0.01603703288426559
9.841	0.015985394350325255
9.850999999999999	0.015933893626981575
9.860999999999999	0.01588253015581537
9.871	0.01583130338123633
9.881	0.015780212750457042
9.891	0.015729257713466976
9.901	0.015678437723006512
9.911	0.015627752234540965
9.921	0.015577200706234591
9.931	0.015526782598924602
9.940999999999999	0.01547649737609518
9.951	0.015426344503851486
9.961	0.015376323450893714
9.971	0.01532643368849104
9.981	0.015276674690455684
9.991	0.01522704593315537
10.001	0.015177546895669304
10.011	0.01512817705976876
10.020999999999999	0.015078935909875081
10.030999999999999	0.015029822933038697
10.041	0.014980837618918115
10.051	0.014931979459758991
10.061	0.014883247950373065
10.071	0.014834642588117227
10.081	0.014786162872872514
10.091	0.014737808307023124
10.100999999999999	0.01468957839543543
10.110999999999999	0.014641472645436988
10.121	0.014593490566795554
10.131	0.014545631671698117
10.141	0.01449789547472987
10.151	0.014450281492853254
10.161	0.01440278924538696
10.171	0.014355418253984948
10.181	0.014308168042615458
10.190999999999999	0.014261038137540018
10.201	0.014214028067292456
10.211	0.014167137362657943
10.221	0.014120365556651956
10.231	0.014073712184499322
10.241	0.014027176783613239
10.251	0.01398075889360385
10.261	0.013934458056383062
10.270999999999999	0.013888273816160427
10.280999999999999	0.01384220571941703
10.291	0.01379625331488779
10.301	0.013750416153543832
10.311	0.01370469378857475
10.321	0.013659085775370968
10.331	0.013613591671506064
10.341	0.01356821103671908
10.350999999999999	0.013522943432896858
10.360999999999999	0.013477788424056359
10.371	0.013432745576326979
10.381	0.013387814457932908
10.391	0.013342994639175406
10.401	0.013298285692415153
10.411	0.013253687192054577
10.421	0.013209198714520167
10.431	0.013164819838244806
10.440999999999999	0.013120550143650087
10.451	0.013076389213128635
10.461	0.013032336631026464
10.471	0.012988391983625249
10.481	0.012944554859124687
10.491	0.012900824847624805
10.501	0.012857201541108355
10.511	0.012813684533459269
10.520999999999999	0.012770273420558092
10.530999999999999	0.01272696780025775
10.541	0.01268376727236051
10.551	0.012640671438603542
10.561	0.012597679902644397
10.571	0.012554792270046583
10.581	0.012512008148265068
10.591	0.012469327146631827
10.600999999999999	0.012426748876341364
10.610999999999999	0.01238427295043624
10.621	0.012341898983792607
10.631	0.012299626593105756
10.641	0.012257455396875613
10.651	0.012215385015392289
10.661	0.01217341507072161
10.671	0.012131545186690646
10.681	0.012089774988873243
10.690999999999999	0.012048104104575545
10.701	0.012006532162821531
10.711	0.01196505879433856
10.721	0.011923683631542873
10.731	0.011882406308525132
10.741	0.011841226461035968
10.751	0.011800143726471491
10.761	0.01175915774385802
10.770999999999999	0.011718268153703396
10.780999999999999	0.011677474597912671
10.791	0.01163677672012714
10.801	0.011596174165753995
10.811	0.011555666581949581
10.821	0.01151525361760275
10.831	0.011474934923318155
10.841	0.011434710151399569
10.850999999999999	0.011394578955833198
10.860999999999999	0.011354540992270987
10.871	0.011314595918013934
10.881	0.011274743391995428
10.891	0.011234983074764514
10.901	0.011195314628469242
10.911	0.011155737716839961
10.921	0.01111625200517265
10.931	0.01107685716031221
10.940999999999999	0.01103755285063579
10.951	0.010998338746036089
10.961	0.010959214517904691
10.971	0.010920179839115347
10.981	0.010881234384007307
10.991	0.010842377828368626
11.001	0.010803609849419476
11.011	0.01076493012579547
11.020999999999999	0.010726338337530953
11.030999999999999	0.010687834166042336
11.041	0.01064941729411139
11.051	0.010611087405868585
11.061	0.010572844186776368
11.071	0.0105346873236125
11.081	0.01049661650445336
11.091	0.01045863141865726
11.100999999999999	0.010420731756847755
11.110999999999999	0.010382917210927848
11.121	0.01034518747438751
11.131	0.01030754224229491
11.141	0.010269981211147857
11.151	0.010232504078860973
11.161	0.010195110544754731
11.171	0.01015780030954449
11.181	0.01012057307532955
11.190999999999999	0.01008342854558219
11.201	0.010046366425136705
11.211	0.010009386420178476
11.221	0.009972488238232977
11.231	0.009935671588154841
11.241	0.009898936180116906
11.251	0.009862281725599246
11.261	0.009825707937378227
11.270999999999999	0.00978921452951554
11.280999999999999	0.009752801217347253
11.291	0.009716467717472848
11.301	0.009680213747744283
11.311	0.009644039027255007
11.321	0.009607943276329025
11.331	0.009571926216509928
11.341	0.009535987570549955
11.350999999999999	0.009500127062399019
11.360999999999999	0.009464344417193758
11.371	0.009428639361246579
11.381	0.00939301162203471
11.391	0.009357460928189227
11.401	0.009321987009484107
11.411	0.00928658959682527
11.421	0.009251268422239627
11.431	0.00921602321886412
11.440999999999999	0.009180853720934766
11.451	0.009145759663775881
11.461	0.009110740783834862
11.471	0.009075796818786877
11.481	0.009040927507509173
11.491	0.009006132590064513
11.501	0.008971411807692137
11.511	0.00893676490279871
11.520999999999999	0.008902191618949288
11.530999999999999	0.00886769170085827
11.541	0.008833264894380341
11.551	0.008798910946501471
11.561	0.008764629605329817
11.571	0.00873042062008671
11.581	0.008696283741097613
11.591	0.008662218719783062
11.600999999999999	0.00862822530864964
11.610999999999999	0.008594303261280916
11.621	0.008560452332328411
11.631	0.008526672277502567
11.641	0.008492962853563673
11.651	0.008459323818312848
11.661	0.008425754930582981
11.671	0.008392255950229702
11.681	0.008358826638122326
11.690999999999999	0.008325466756134813
11.701	0.008292176067136725
11.711	0.008258954334984197
11.721	0.008225801324510862
11.731	0.008192716801518833
11.741	0.008159700532769652
11.751	0.008126752285975241
11.761	0.00809387182978887
11.770999999999999	0.008061058933796102
11.780999999999999	0.00802831336850576
11.791	0.007995634905340863
11.801	0.007963023316638212
11.811	0.007930478375740896
11.821	0.007897999857022452
11.831	0.007865587535849126
11.841	0.007833241188572166
11.850999999999999	0.0078009605925206576
11.860999999999999	0.007768745525994341
11.871	0.007736595768256421
11.881	0.007704511099526413
11.891	0.007672491300972931
11.901	0.007640536154706526
11.911	0.007608645443772507
11.921	0.007576818952143754
11.931	0.007545056464713547
11.940999999999999	0.007513357767288378
11.951	0.007481722646580769
11.961	0.007450150890202117
11.971	0.007418642286655479
11.981	0.0073871966253284144
11.991	0.007355813696485798
12.001	0.007324493291262644
12.011	0.007293235201656925
12.020999999999999	0.007262039220522391
12.031	0.007230905141561385
12.041	0.007199832759317688
12.051	0.007168821869169301
12.061	0.007137872267321293
12.071	0.00710698375079861
12.081	0.007076156117438901
12.091	0.007045389165885336
12.100999999999999	0.0070146826955794234
12.110999999999999	0.006984036506753838
12.121	0.006953450400425226
12.131	0.006922924178387055
12.141	0.006892457643202564
12.151	0.006862050598237035
12.161	0.006831702847734981
12.171	0.006801414196780838
12.181	0.006771184451285175
12.190999999999999	0.0067410134179791414
12.201	0.006710900904408906
12.211	0.006680846718930124
12.221	0.006650850670702349
12.231	0.006620912569683507
12.241	0.006591032226624324
12.251	0.0065612094530627845
12.261	0.006531444061318571
12.270999999999999	0.006501735864487509
12.281	0.006472084676436009
12.291	0.006442490311795533
12.301	0.00641295258595701
12.311	0.006383471315065297
12.321	0.006354046316013627
12.331	0.006324677406438051
12.341	0.0062953644047118815
12.350999999999999	0.006266107129940143
12.360999999999999	0.006236905401954011
12.371	0.0062077590413052615
12.381	0.006178667869260728
12.391	0.006149631707796721
12.401	0.006120650379593497
12.411	0.006091723708029692
12.421	0.0060628515171767695
12.431	0.006034033631793472
12.440999999999999	0.006005269877320258
12.451	0.005976560079873747
12.461	0.005947904066241188
12.471	0.0059193016638748675
12.481	0.005890752700886582
12.491	0.005862257006045651
12.501	0.005833814408819455
12.511	0.005805424739391868
12.520999999999999	0.0057770878286483454
12.531	0.005748803508171063
12.541	0.005720571610234286
12.551	0.005692391967799695
12.561	0.005664264414511758
12.571	0.005636188784693074
12.581	0.005608164913339728
12.591	0.005580192636116642
12.600999999999999	0.005552271789352926
12.610999999999999	0.005524402210037233
12.621	0.005496583735813101
12.631	0.0054688162049743305
12.641	0.005441099456460303
12.651	0.005413433329851355
12.661	0.0053858176653641225
12.671	0.0053582523038468955
12.681	0.0053307370867749695
12.690999999999999	0.005303271856245995
12.701	0.005275856454975329
12.711	0.005248490726291403
12.721	0.005221174514131046
12.731	0.00519390766303486
12.741	0.00516669001814256
12.751	0.0051395214251883335
12.761	0.005112401730496187
12.770999999999999	0.0050853307809753
12.781	0.005058308424115374
12.791	0.0050313345079819995
12.801	0.005004408881211985
12.811	0.0049775313930087205
12.821	0.004950701893137533
12.831	0.004923920231921114
12.841	0.004897186260255943
12.850999999999999	0.004870499829656285
12.860999999999999	0.004843860792235856
12.871	0.004817269000699878
12.881	0.0047907243083413695
12.891	0.0047642265690373805
12.901	0.00473777563724529
12.911	0.004711371367999066
12.921	0.004685013616905536
12.931	0.004658702240140657
12.940999999999999	0.004632437094445785
12.951	0.0046062180371239415
12.961	0.004580044926036101
12.971	0.004553917619597432
12.981	0.004527835976773586
12.991	0.004501799857076964
13.001	0.004475809120562984
13.011	0.0044498636278263535
13.020999999999999	0.004423963239997337
13.031	0.004398107818738021
13.041	0.004372297226238605
13.051	0.0043465313252136414
13.061	0.004320809978898323
13.071	0.0042951330510447505
13.081	0.004269500405918201
13.091	0.004243911908293398
13.100999999999999	0.004218367423450782
13.110999999999999	0.004192866817172777
13.121	0.004167409955740062
13.131	0.004141996705927853
13.141	0.004116626935002146
13.151	0.004091300510716011
13.161	0.00406601730130585
13.171	0.004040777175487671
13.181	0.004015580002439085
13.190999999999999	0.003990425651677248
13.201	0.003965313993163544
13.211	0.003940244897400084
13.221	0.003915218235426235
13.231	0.0038902338788139594
13.241	0.003865291699663113
13.251	0.003840391570596757
13.261	0.0038155333647564714
13.270999999999999	0.0037907169557976597
13.281	0.00376594221788486
13.291	0.00374120902568707
13.301	0.0037165172543730325
13.311	0.003691866779606562
13.321	0.003667257477541851
13.331	0.00364268922481878
13.341	0.003618161898558229
13.350999999999999	0.003593675376357388
13.360999999999999	0.003569229536285064
13.371	0.0035448242568769904
13.381	0.0035204594171311544
13.391	0.0034961348965030794
13.401	0.003471850574901153
13.411	0.003447606332681936
13.421	0.0034234020506454673
13.431	0.0033992376100305797
13.440999999999999	0.003375112892510207
13.451	0.00335102778018669
13.461	0.003326982155587105
13.471	0.0033029759016585487
13.481	0.0032790089017634646
13.491	0.0032550810396749495
13.501	0.0032311921995720637
13.511	0.0032073422660351407
13.520999999999999	0.0031835311240410993
13.531	0.003159758658958748
13.541	0.0031360247565441124
13.551	0.0031123293029357204
13.561	0.0030886721846499305
13.571	0.0030650532885762353
13.581	0.0030414725019725745
13.591	0.003017929712460644
13.600999999999999	0.0029944248080212045
13.610999999999999	0.0029709576769946277
13.621	0.0029475282084201098
13.631	0.002924136292240049
13.641	0.002900781818782468
13.651	0.0028774646787113655
13.661	0.0028541847630285293
13.671	0.002830941963075354
13.681	0.002807736170534656
13.690999999999999	0.0027845672774324984
13.701	0.0027614351761399976
13.711	0.002738339759375162
13.721	0.0027152809202046846
13.731	0.002692258552045776
13.741	0.0026692725486679803
13.751	0.002646322804194992
13.761	0.0026234092131064727
13.770999999999999	0.002600531670239873
13.781	0.002577690070792241
13.791	0.0025548843103220618
13.801	0.0025321142847510485
13.811	0.0025093798903659745
13.821	0.002486681023820493
13.831	0.0024640175821369487
13.841	0.0024413894627082007
13.850999999999999	0.002418796563299437
13.860999999999999	0.002396238782049995
13.871	0.002373716017475174
13.881	0.0023512281684680706
13.891	0.0023287751343013707
13.901	0.0023063568146291847
13.911	0.0022839731094888615
13.921	0.0022616239193028066
13.931	0.0022393091448802997
13.940999999999999	0.0022170286874193127
13.951	0.002194782448508324
13.961	0.0021725703301281518
13.971	0.002150392234653749
13.981	0.002128248064856037
13.991	0.002106137723903719
14.001	0.0020840611153650993
14.011	0.0020620181432098993
14.020999999999999	0.002040008711811077
14.031	0.0020180327259466412
14.041	0.0019960900908014842
14.051	0.0019741807119921483
14.061	0.0019523044956016654
14.071	0.0019304613479983045
14.081	0.0019086511757882571
14.091	0.0018868738858192203
14.100999999999999	0.001865129385183989
14.110999999999999	0.0018434175812240476
14.121	0.001821738381533157
14.131	0.0018000916939609618
14.141	0.0017784774266165592
14.151	0.0017568954878721048
14.161	0.001735345786366401
14.171	0.0017138282310084887
14.181	0.001692342730981238
14.190999999999999	0.0016708891957449405
14.201	0.0016494675350408963
14.211	0.0016280776588950214
14.221	0.0016067194776214157
14.231	0.0015853929018259704
14.241	0.0015640978424099547
14.251	0.0015428342105736092
14.261	0.0015216019178197345
14.270999999999999	0.0015004008759572857
14.281	0.001479230997104958
14.291	0.001458092193694794
14.301	0.0014369843784757532
14.311	0.0014159074645173175
14.321	0.0013948613652130797
14.331	0.001373845994284334
14.341	0.0013528612657836695
14.350999999999999	0.0013319070940985593
14.360999999999999	0.0013109833939549535
14.371	0.0012900900804208666
14.381	0.001269227068909984
14.391	0.0012483942751852308
14.401	0.0012275916153623786
14.411	0.0012068190059136327
14.421	0.0011860763636712245
14.431	0.0011653636058310023
14.440999999999999	0.0011446806499560232
14.451	0.00112402741398014
14.461	0.001103403816211609
14.471	0.001082809775336658
14.481	0.001062245210367317
14.491	0.001041710039742262
14.501	0.0010212041815556784
14.511	0.0010007275543855094
14.520999999999999	0.0009802800772996975
14.531	0.0009598616698348783
14.541	0.000939472251975091
14.551	0.0009191117441304524
14.561	0.0008987800671158687
14.571	0.0008784771421297284
14.581	0.0008582028907325977
14.591	0.0008379572348259176
14.600999999999999	0.0008177400966307004
14.610999999999999	0.0007975513986662255
14.621	0.0007773910637287334
14.631	0.0007572590148701349
14.641	0.000737155175376687
14.651	0.0007170794687477034
14.661	0.0006970318186742476
14.671	0.0006770121490178285
14.681	0.000657020383789098
14.690999999999999	0.000637056447126546
14.701	0.0006171202632751947
14.711	0.0005972117565653083
14.721	0.0005773308513910679
14.731	0.0005574774721892831
14.741	0.0005376515434289586
14.751	0.0005178529902599455
14.761	0.0004980817389488739
14.770999999999999	0.00047833771597224044
14.781	0.0004586208479371484
14.791	0.0004389310615914611
14.801	0.00041926828383391854
14.811	0.00039963244172429036
14.821	0.0003800234624935108
14.831	0.000360441273553817
14.841	0.0003408858025088877
14.850999999999999	0.0003213569771639818
14.860999999999999	0.00030185472553607664
14.871	0.0002823789758640031
14.881	0.0002629296566185982
14.891	0.0002435066965128226
14.901	0.00022411002451191287
14.911	0.00020473956984351686
14.921	0.0001853952620078319
14.931	0.00016607703078774344
14.940999999999999	0.00014678480625896357
14.951	0.0001275185188001661
14.961	0.00010827809910313865
14.971	0.0000890634781829008
14.981	0.00006987458738785609
14.991	0.000050711358409927276
