-6.153432050565647e26
-6.0643897215215325e26
-5.5081171991559816e26
-4.8696282175549276e26
-4.258363655194374e26
-3.7034759621869035e26
-3.209893763959687e26
-2.7752835092332543e26
-2.3949837632232808e26
-2.0638083066268065e26
-1.776511642892748e26
-1.5280640295152958e26
-1.3137456555269171e26
-1.1292384470297924e26
-9.706358056304187e25
-8.344482805452858e25
-7.175914675170066e25
-6.173625520808926e25
-5.314101213217546e25
-4.576969605422049e25
-3.944664387009247e25
-3.4020743364536725e25
-2.9362534313079798e25
-2.5361146535565314e25
-2.1921803903114085e25
-1.896347078305187e25
-1.6417033634116575e25
-1.42234748294282e25
-1.233242486547583e25
-1.0700839216612807e25
-9.291995423242078e24
-8.074506387361337e24
-7.021542937517156e24
-6.110132055768701e24
-5.320628108198283e24
-4.6361964907253646e24
-4.04240471680956e24
-3.5268568081397847e24
-3.0789183694448803e24
-2.689447000739921e24
-2.35057759528074e24
-2.05553189824314e24
-1.798475040524089e24
-1.5743736189300342e24
-1.378882209383705e24
-1.208243325090724e24
-1.059211573106165e24
-9.289780334460956e23
-8.151096674960208e23
-7.154960313193279e23
-6.283085188403168e23
-5.519595807895935e23
-4.8506995167214774e23
