-1.1523375348333201e27
-1.136762092915676e27
-1.0245466502441994e27
-8.997978602301899e26
-7.836017164675036e26
-6.801286820524917e26
-5.8918400625304596e26
-5.0964571273417616e26
-4.402761170472192e26
-3.799378290810396e26
-3.27587119147475e26
-2.822742886576796e26
-2.4313181906520282e26
-2.093778612872095e26
-1.803095603688622e26
-1.5530082699527595e26
-1.3379862422236894e26
-1.1531823591246506e26
-9.943757883053541e25
-8.579039650002551e25
-7.406029610326536e25
-6.397453736560458e25
-5.529901332973094e25
-4.7832764082561505e25
-4.140358112318886e25
-3.586384585580795e25
-3.1087385833888607e25
-2.69661925014944e25
-2.340785475059102e25
-2.0333201506017587e25
-1.76745513651266e25
-1.537392402333949e25
-1.338164661196427e25
-1.1655090058197132e25
-1.0157734979529501e25
-8.858225954379704e24
-7.729628707389448e24
-6.748765122356847e24
-5.895722014796536e24
-5.153351894062939e24
-4.506878137477954e24
-3.94354563680218e24
-3.4523618094096144e24
-3.0238310684905856e24
-2.6497439935554504e24
-2.3229925118763362e24
-2.037431677114972e24
-1.7877369388263124e24
-1.569290687395685e24
-1.378083194620723e24
-1.2106376966475946e24
-1.0639328922001999e24
-9.353411901175596e23
