-1.783294576698641e28
-1.686850971105566e28
-1.5211271615119227e28
-1.3467197704196127e28
-1.1818621091999963e28
-1.0319528367849452e28
-8.981085662291448e27
-7.798974733795308e27
-6.762375639930141e27
-5.858091985235023e27
-5.072205035247885e27
-4.3911209141979076e27
-3.801987512443192e27
-3.293055337828318e27
-2.853756470260416e27
-2.474720710914954e27
-2.1476920552960156e27
-1.8654690163058043e27
-1.621808764173524e27
-1.4113209250963747e27
-1.2293533253907321e27
-1.0719066624559062e27
-9.355521428421677e26
-8.173517535427382e26
-7.147835930280314e26
-6.256863755956167e26
-5.482097601946162e26
-4.80768377706813e26
-4.220002985586514e26
-3.7073620484221754e26
-3.259723159176204e26
-2.8684592154234435e26
-2.5261329921029508e26
-2.2263342812564054e26
-1.963536728874297e26
-1.7329705973659302e26
-1.5305052889610912e26
-1.3525643594020858e26
-1.1960502479865334e26
-1.0582775548217722e26
-9.369097537594771e25
-8.299145750587078e25
-7.355240917918281e25
-6.5219901923381696e25
-5.785940939296416e25
-5.1353431823834875e25
-4.559934108433092e25
-4.050742721690633e25
-3.5998976229831504e25
-3.2004980207418924e25
-2.8464947033647846e25
-2.532581257837817e25
-2.2540855603707194e25
