-2.434854997176885e27
-2.312057380936889e27
-2.0744915252590987e27
-1.8317833489820717e27
-1.6091661418171592e27
-1.4105317077128286e27
-1.234709349015265e27
-1.0796282697619342e27
-9.431617790215502e26
-8.233515205248885e26
-7.183844124789856e26
-6.265990867986475e26
-5.464610869905929e26
-4.765807467661733e26
-4.1570471876669264e26
-3.627119728072248e26
-3.166006357322827e26
-2.764849685215772e26
-2.415866866451908e26
-2.1122404918031035e26
-1.8479946623764633e26
-1.6179224089149987e26
-1.4175055766682752e26
-1.2428254228027104e26
-1.0904758508495272e26
-9.575065972140578e25
-8.413684153594918e25
-7.398566773531104e25
-6.510593165430623e25
-5.733214316204259e25
-5.052125578692578e25
-4.454946040288409e25
-3.930924481779309e25
-3.470737917584168e25
-3.066307394027414e25
-2.7106230934280063e25
-2.3975799641107192e25
-2.121867491607421e25
-1.8788686910024353e25
-1.6645647808169453e25
-1.4754431513494883e25
-1.308437707579899e25
-1.1608736950662963e25
-1.0304150137031397e25
-9.150124060087555e24
-8.128710536909665e24
-7.224200907857751e24
-6.422829940130835e24
-5.712482217473144e24
-5.082513495375673e24
-4.523579050423336e24
-4.027465400593898e24
-3.5869220080789297e24
