3.73825705078634e26
3.229613055635011e26
2.6959624272095135e26
2.2071438209875085e26
1.786792449139346e26
1.4373014575654172e26
1.1522549902852396e26
9.223960533693562e25
7.382705443298481e25
5.913328301190338e25
4.742854014486409e25
3.8109661133846892e25
3.0687134935549173e25
2.4768531939047045e25
2.0041545791702263e25
1.6258857688904846e25
1.3225073749983689e25
1.0786030904815525e25
8.820133555518483e24
7.231444722746907e24
5.944168981275565e24
4.898327258879855e24
4.046371279384749e24
3.350533321484344e24
2.780736778155567e24
2.3129684319615495e24
1.9280092555983538e24
1.6104398744459048e24
1.3478535259732546e24
1.1302401530319896e24
9.495030138241608e23
7.990772895355291e23
6.736250949868449e23
5.687949652563615e23
4.810310805264205e23
4.074215775498042e23
3.455755611545339e23
2.9352531878649502e23
2.4964791825587078e23
2.1260236897370356e23
1.8127790588622687e23
1.5475255876145078e23
1.3225961309342767e23
1.131605114789952e23
9.692222043211062e22
8.309898334904831e22
7.131742167994261e22
6.126440167440923e22
5.2676760970603555e22
4.5332985158717084e22
3.904635406201616e22
3.365932304511705e22
2.9038704837771483e22
