6.6551575578283e26
6.191147709822816e26
5.560039397683178e26
4.926098332831019e26
4.3355888386954855e26
3.8000677588791976e26
3.3204641513980184e26
2.894428197709164e26
2.518278438790098e26
2.1878770305775986e26
1.898864907708322e26
1.6469095098746955e26
1.4278165908046675e26
1.2376695628323891e26
1.0728748755925205e26
9.301911917673235e25
8.067232423958381e25
6.999150196179166e25
6.075278433613563e25
5.276092859334927e25
4.584603398121734e25
3.986083692828083e25
3.4678186176517965e25
3.018831988882691e25
2.629646895390202e25
2.2920922372468e25
1.99913860535369e25
1.744731951427838e25
1.5236532813963413e25
1.3314045834340357e25
1.164114811959284e25
1.0184472052427137e25
8.915218568070651e24
7.8085239565663e24
6.842944492901911e24
5.999955301644221e24
5.263528192090125e24
4.6197880650251013e24
4.056735146259392e24
3.563974141345872e24
3.132484101036572e24
2.7544327097780176e24
2.423026488653284e24
2.132363016151274e24
1.8773048659475467e24
1.6533786432356293e24
1.456693266173095e24
1.2838583713848334e24
1.1319147734790811e24
9.982788807577644e23
8.806974064239279e23
7.772018767983452e23
6.860698581044756e23
