-1/324*hb^2/La^3*B[r,1,2,1,1,3,3]*B[r,1,2,3,3,1,1]+1/162*hb^2/La^3*B[r,1,2,2,1,1,2]*B[r,1,1,1,3,1,3]+1/162*hb^2/La^3*B[
r,1,2,2,2,1,1]*B[r,1,1,1,3,1,3]-7/54*hb^2/La^3*B[r,1,1,1,1,3,3]*B[r,1,1,1,1,1,1]+13/162*hb^2/La^3*B[r,1,1,1,1,3,3]*B[r,
1,1,1,2,1,2]+5/162/La^3*B[r,1,2,3,1,1,3]*hb^2*B[r,1,1,1,2,1,2]+4/81/La^3*B[r,1,2,3,1,1,3]*hb^2*B[r,1,1,1,1,3,3]+5/54*hb
^2/La^3*B[r,1,2,3,1,1,3]*B[r,1,1,3,1,3,1]+5/324/La^3*B[r,1,2,2,2,1,1]*hb^2*B[r,1,1,3,3,3,3]-2/81/La^3*B[r,1,2,3,3,1,1]*
hb^2*B[r,1,1,1,1,1,1]+1/81/La^3*B[r,1,2,3,3,1,1]*hb^2*B[r,1,1,1,2,1,2]+1/162/La^3*B[r,1,1,3,1,3,1]*hb^2*B[r,1,1,1,1,1,1
]-1/54/La^3*B[r,1,1,3,1,3,1]*hb^2*B[r,1,1,1,2,1,2]-1/54/La^3*B[r,1,1,3,1,3,1]*hb^2*B[r,1,1,1,1,3,3]+2/81/La^3*B[r,1,2,2
,2,1,1]*hb^2*B[r,1,1,3,3,1,1]+5/162/La^3*B[r,1,2,3,1,1,3]*hb^2*B[r,1,1,1,1,1,1]-31/324*hb^2/La^3*B[r,1,1,1,1,1,1]^2+5/
648*hb^2/La^3*B[r,1,2,1,1,3,3]^2+1/108*hb^2/La^3*B[r,1,1,3,1,3,1]^2-19/648*hb^2/La^3*B[r,1,1,1,1,3,3]^2-1/162*hb^2/La^3
*B[r,1,2,2,1,1,2]^2-5/324*hb^2/La^3*B[r,1,2,3,1,1,3]^2+5/324*hb^2/La^3*B[r,1,2,2,2,1,1]^2+1/324*hb^2/La^3*B[r,1,1,1,2,1
,2]^2+1/324*hb^2/La^3*B[r,1,2,3,3,1,1]^2+16/81/La*DD[r,1,1]*B[r,1,1,1,1,1,1]-2/81/La*B[r,1,2,2,1,1,2]*DD[r,3,3]-4/81/La
*B[r,1,2,3,1,1,3]*DD[r,1,1]+(-20/81*hb^2/La^2*B[r,1,1,1,1,3,3]*C[r,1,1,1,1]-16/81*hb^2/La^2*B[r,1,2,1,1,3,3]*C[r,1,1,1,
1]+16/81*hb^2/La^2*B[r,1,2,1,1,3,3]*C[r,1,2,1,2]+5/81*ddB[r,1,1,1,1,1,1]*hb^2/La^2*B[r,1,1,1,1,3,3]+37/2916*hb^2/La^2*
dB[r,1,2,1,2,1,2]*dB[r,1,2,2,1,1,2]+7/2916*hb^2/La^2*dB[r,1,2,1,1,3,3]*dB[r,1,2,3,3,1,1]-4/81*hb^2/La^2*B[r,1,2,1,1,3,3
]*dA[r,1,1,2,3,3]+14/729*dB[r,1,2,3,3,1,1]*hb^2/La^2*dB[r,1,1,1,1,1,1]-7/729*dB[r,1,2,3,3,1,1]*hb^2/La^2*dB[r,1,1,1,2,1
,2]+13/972*dB[r,1,2,3,3,1,1]*hb^2/La^2*dB[r,1,1,1,1,3,3]-5/243*dB[r,1,2,2,2,1,1]*hb^2/La^2*dB[r,1,1,3,3,1,1]-35/2916*dB
[r,1,2,2,2,1,1]*hb^2/La^2*dB[r,1,1,3,3,3,3]+55/486*hb^2/La^2*dB[r,1,1,1,1,3,3]*dB[r,1,1,1,1,1,1]-35/486*hb^2/La^2*dB[r,
1,1,1,1,3,3]*dB[r,1,1,1,2,1,2]-8/243*dB[r,1,2,3,1,1,3]*hb^2/La^2*dB[r,1,1,1,1,3,3]-8/81*hb^2/La^2*C[r,1,1,3,3]*B[r,1,2,
1,1,3,3]-16/81*hb^2/La^2*B[r,1,1,1,1,1,1]*C[r,1,1,3,3]-1/27*hb^2/La^2*A[r,1,1,2,3,3]*dB[r,1,1,3,1,3,1]+1/81*hb^2/La^2*A
[r,1,3,2,3,1]*dB[r,1,1,1,1,3,3]-1/9*hb^2/La^2*A[r,1,1,2,3,3]*dB[r,1,1,1,1,1,1]+7/81*hb^2/La^2*A[r,1,1,2,3,3]*dB[r,1,1,1
,2,1,2]+1/81*hb^2/La^2*B[r,1,2,3,3,1,1]*dA[r,1,3,2,3,1]-1/81*hb^2/La^2*B[r,1,2,2,2,1,1]*ddB[r,1,1,3,3,1,1]+73/1458*dB[r
,1,2,1,1,3,3]*hb^2/La^2*dB[r,1,1,1,1,1,1]-59/1458*dB[r,1,2,1,1,3,3]*hb^2/La^2*dB[r,1,1,1,2,1,2]+17/486*dB[r,1,2,1,1,3,3
]*hb^2/La^2*dB[r,1,1,1,1,3,3]-1/9*hb^2/La^2*A[r,1,1,2,1,1]*A[r,1,1,1,1,2]-37/2916*hb^2/La^2*dB[r,1,2,2,2,1,1]*dB[r,1,2,
1,2,1,2]-1/324*hb^2/La^2*dB[r,1,2,2,2,1,1]*dB[r,1,2,2,1,1,2]+2/81*hb^2/La^2*B[r,1,2,3,1,1,3]*dA[r,1,1,2,3,3]+2/81*hb^2/
La^2*B[r,1,2,2,1,1,2]*dA[r,1,2,3,3,1]-10/81*hb^2/La^2*B[r,1,1,1,1,3,3]*C[r,1,1,3,3]-5/243*dB[r,1,2,2,1,1,2]*hb^2/La^2*
dB[r,1,1,3,3,1,1]-35/2916*dB[r,1,2,2,1,1,2]*hb^2/La^2*dB[r,1,1,3,3,3,3]+2/81*hb^2/La^2*B[r,1,2,2,2,1,1]*dA[r,1,2,3,3,1]
-7/81*hb^2/La^2*A[r,1,1,2,3,3]*dB[r,1,2,1,1,3,3]-32/81*hb^2/La^2*C[r,1,1,1,1]*B[r,1,1,1,1,1,1]+16/81*hb^2/La^2*C[r,1,1,
1,1]*B[r,1,1,1,2,1,2]+32/81*hb^2/La^2*B[r,1,1,1,1,1,1]*C[r,1,2,1,2]-1/162*hb^2/La^2*B[r,1,2,2,1,1,2]*ddB[r,1,1,3,3,3,3]
+2/81*hb^2/La^2*B[r,1,2,3,1,1,3]*ddB[r,1,1,1,2,1,2]+4/81*hb^2/La^2*C[r,3,3,1,1]*B[r,1,2,2,2,1,1]-8/81*hb^2/La^2*B[r,1,1
,1,1,1,1]*ddB[r,1,1,1,2,1,2]-4/81*hb^2/La^2*ddB[r,1,1,1,1,1,1]*B[r,1,1,1,2,1,2]+4/81*hb^2/La^2*B[r,1,1,1,2,1,2]*ddB[r,1
,1,1,2,1,2]-2/81*hb^2/La^2*C[r,1,1,3,3]*B[r,1,2,3,3,1,1]+4/81*hb^2/La^2*C[r,3,3,1,1]*B[r,1,2,2,1,1,2]+2/81*hb^2/La^2*C[
r,3,3,3,3]*B[r,1,2,2,1,1,2]+8/81*hb^2/La^2*B[r,1,2,3,1,1,3]*C[r,1,1,1,1]-16/81*hb^2/La^2*B[r,1,1,1,2,1,2]*C[r,1,2,1,2]+
4/81*hb^2/La^2*B[r,1,2,3,3,1,1]*C[r,1,2,1,2]+1/27*hb^2/La^2*A[r,1,3,2,3,1]*dB[r,1,2,1,1,3,3]-5/1458*hb^2/La^2*dB[r,1,2,
2,1,1,2]*dB[r,1,1,1,3,1,3]+4/81*hb^2/La^2*B[r,1,2,1,1,3,3]*dA[r,1,3,2,3,1]-1/81*hb^2/La^2*A[r,1,3,2,3,1]*dB[r,1,1,3,1,3
,1]-11/1458*hb^2/La^2*dB[r,1,2,1,1,3,3]*dB[r,1,1,3,1,3,1]+1/729*hb^2/La^2*dB[r,1,2,1,1,3,3]*dB[r,1,2,3,1,1,3]-1/81*hb^2
/La^2*B[r,1,2,3,3,1,1]*dA[r,1,1,2,3,3]+4/81*hb^2/La^2*C[r,1,1,3,3]*B[r,1,2,3,1,1,3]-1/81*hb^2/La^2*A[r,1,3,2,3,1]*dB[r,
1,1,1,1,1,1]+1/27*hb^2/La^2*A[r,1,3,2,3,1]*dB[r,1,1,1,2,1,2]-2/81*hb^2/La^2*B[r,1,2,3,1,1,3]*dA[r,1,3,2,3,1]-1/81*hb^2/
La^2*B[r,1,2,3,1,1,3]*ddB[r,1,1,1,1,3,3]+8/81*hb^2/La^2*C[r,1,1,3,3]*B[r,1,1,1,2,1,2]-1/162*hb^2/La^2*B[r,1,2,2,2,1,1]*
ddB[r,1,1,3,3,3,3]-1/729*hb^2/La^2*dB[r,1,2,3,3,1,1]*dB[r,1,1,3,1,3,1]+13/1458*hb^2/La^2*dB[r,1,2,3,1,1,3]*dB[r,1,1,3,1
,3,1]+1/162*hb^2/La^2*B[r,1,2,3,3,1,1]*ddB[r,1,1,1,1,3,3]-5/81*hb^2/La^2*B[r,1,1,1,1,3,3]*dA[r,1,1,2,3,3]+20/81*hb^2/La
^2*B[r,1,1,1,1,3,3]*C[r,1,2,1,2]-85/1458*hb^2/La^2*dB[r,1,1,1,1,1,1]*dB[r,1,1,1,2,1,2]+4/81*ddB[r,1,1,1,1,3,3]*hb^2/La^
2*B[r,1,1,1,1,1,1]-2/81*ddB[r,1,1,1,1,3,3]*hb^2/La^2*B[r,1,1,1,2,1,2]-11/2916*hb^2/La^2*dB[r,1,2,3,3,3,3]*dB[r,1,2,2,1,
1,2]-10/81*hb^2/La^2*dA[r,1,2,3,3,1]*B[r,1,1,1,2,1,2]+1/54*hb^2/La^2*dA[r,1,1,2,3,3]*B[r,1,2,1,2,1,2]+1/162*hb^2/La^2*
dA[r,1,1,2,3,3]*B[r,1,2,2,1,1,2]+1/162*hb^2/La^2*B[r,1,2,2,1,1,2]*ddB[r,1,1,1,2,1,2]+5/81*ddB[r,1,1,3,3,1,1]*hb^2/La^2*
B[r,1,1,1,2,1,2]-1/54*ddB[r,1,1,3,3,1,1]*hb^2/La^2*B[r,1,1,1,1,3,3]-4/81*ddB[r,1,1,1,1,1,1]*hb^2/La^2*B[r,1,1,3,3,1,1]-\
5/162*ddB[r,1,1,1,1,1,1]*hb^2/La^2*B[r,1,1,3,3,3,3]+4/81*ddB[r,1,1,1,2,1,2]*hb^2/La^2*B[r,1,1,3,3,1,1]+5/162*ddB[r,1,1,
1,2,1,2]*hb^2/La^2*B[r,1,1,3,3,3,3]+8/81*hb^2/La^2*C[r,3,3,1,1]*B[r,1,2,3,3,1,1]-1/162*hb^2/La^2*B[r,1,1,3,1,3,1]*ddB[r
,1,1,3,3,3,3]-1/81*hb^2/La^2*B[r,1,1,1,3,1,3]*ddB[r,1,1,1,1,1,1]-5/243*dB[r,1,1,3,1,3,1]*hb^2/La^2*dB[r,1,1,3,3,1,1]-35
/2916*dB[r,1,1,3,1,3,1]*hb^2/La^2*dB[r,1,1,3,3,3,3]-10/81*C[r,1,2,1,2]*hb^2/La^2*B[r,1,1,3,3,3,3]+1/54*hb^2/La^2*A[r,1,
2,3,3,1]*dB[r,1,1,1,1,3,3]+2/81*hb^2/La^2*B[r,1,1,3,1,3,1]*dA[r,1,2,3,3,1]+20/81*C[r,3,3,1,1]*hb^2/La^2*B[r,1,1,1,1,1,1
]-20/81*C[r,3,3,1,1]*hb^2/La^2*B[r,1,1,1,2,1,2]+2/27*C[r,3,3,1,1]*hb^2/La^2*B[r,1,1,1,1,3,3]-1/729*hb^2/La^2*dB[r,1,2,3
,3,1,1]*dB[r,1,2,1,2,1,2]-1/729*hb^2/La^2*dB[r,1,2,3,3,1,1]*dB[r,1,2,2,1,1,2]+1/162*hb^2/La^2*dB[r,1,2,3,1,1,3]*dB[r,1,
2,2,2,1,1]+17/2916*hb^2/La^2*dB[r,1,2,3,1,1,3]*dB[r,1,2,1,2,1,2]-19/2916*hb^2/La^2*dB[r,1,2,3,1,1,3]*dB[r,1,2,2,1,1,2]-\
1/162*hb^2/La^2*B[r,1,1,1,3,1,3]*ddB[r,1,1,1,1,3,3]-4/81*hb^2/La^2*ddB[r,1,1,1,1,1,1]*B[r,1,2,2,2,1,1]-2/27*hb^2/La^2*B
[r,1,2,1,2,1,2]*C[r,1,2,1,2]+4/81*hb^2/La^2*B[r,1,1,1,3,1,3]*C[r,1,1,1,1]-4/81*hb^2/La^2*B[r,1,1,1,3,1,3]*C[r,1,2,1,2]+
5/81*hb^2/La^2*A[r,1,2,3,3,1]*dB[r,1,2,3,3,1,1]-2/27*hb^2/La^2*A[r,1,3,2,3,1]*dB[r,1,2,2,2,1,1]-4/81*hb^2/La^2*A[r,1,2,
3,3,1]*dB[r,1,2,3,3,3,3]-4/81*hb^2/La^2*C[r,3,3,3,3]*B[r,1,2,3,3,3,3]-1/81*hb^2/La^2*B[r,1,2,1,2,1,2]*ddB[r,1,1,3,3,3,3
]+4/729*hb^2/La^2*dB[r,1,2,1,3,1,3]*dB[r,1,1,1,3,1,3]+2/9*hb^2/La^2*A[r,1,2,3,1,3]*A[r,1,3,2,1,3]-8/81*hb^2/La^2*C[r,3,
3,1,1]*B[r,1,2,3,3,3,3]+1/81*hb^2/La^2*B[r,1,2,3,3,3,3]*ddB[r,1,1,3,3,3,3]+1/729*hb^2/La^2*dB[r,1,2,3,3,3,3]*dB[r,1,1,1
,3,1,3]+2/81*hb^2/La^2*C[r,3,3,3,3]*B[r,1,1,3,1,3,1]+1/81*hb^2/La^2*A[r,1,2,3,3,1]*dB[r,1,1,3,1,3,1]+1/162*hb^2/La^2*A[
r,1,2,3,3,1]*dB[r,1,2,1,1,3,3]-2/81*hb^2/La^2*A[r,1,3,2,3,1]*dB[r,1,1,1,3,1,3]-26/243*hb^2/La^2*dB[r,1,1,3,3,1,1]*dB[r,
1,1,1,1,1,1]+28/243*hb^2/La^2*dB[r,1,1,3,3,1,1]*dB[r,1,1,1,2,1,2]-5/162*hb^2/La^2*dB[r,1,1,3,3,1,1]*dB[r,1,1,1,1,3,3]-\
185/2916*hb^2/La^2*dB[r,1,1,3,3,3,3]*dB[r,1,1,1,1,1,1]+205/2916*hb^2/La^2*dB[r,1,1,3,3,3,3]*dB[r,1,1,1,2,1,2]-35/1944*
hb^2/La^2*dB[r,1,1,3,3,3,3]*dB[r,1,1,1,1,3,3]+1/81*hb^2/La^2*B[r,1,1,1,3,1,3]*ddB[r,1,1,1,2,1,2]-2/81*hb^2/La^2*B[r,1,2
,2,2,1,1]*ddB[r,1,1,1,1,3,3]-1/81*hb^2/La^2*B[r,1,2,3,3,1,1]*ddB[r,1,1,3,3,3,3]-1/162*hb^2/La^2*B[r,1,2,2,1,1,2]*ddB[r,
1,1,1,1,1,1]+1/324*hb^2/La^2*B[r,1,2,3,3,3,3]*ddB[r,1,1,1,1,3,3]+1/162*hb^2/La^2*B[r,1,2,3,3,3,3]*ddB[r,1,1,1,1,1,1]-1/
162*hb^2/La^2*B[r,1,2,3,3,3,3]*ddB[r,1,1,1,2,1,2]+37/5832*hb^2/La^2*dB[r,1,2,1,1,3,3]*dB[r,1,2,2,1,1,2]+1/162*hb^2/La^2
*B[r,1,2,3,3,3,3]*dA[r,1,3,2,3,1]-2/81*hb^2/La^2*B[r,1,2,3,3,1,1]*ddB[r,1,1,3,3,1,1]-5/162*hb^2/La^2*B[r,1,1,3,3,3,3]*
dA[r,1,3,2,3,1]-2/81*hb^2/La^2*B[r,1,2,3,1,1,3]*dA[r,1,2,3,3,1]+1/162*hb^2/La^2*A[r,1,3,2,3,1]*dB[r,1,2,3,3,3,3]+19/
2916*hb^2/La^2*dB[r,1,2,2,1,1,2]*dB[r,1,1,3,1,3,1]-56/729/hb^2*La^2*dDD[r,3,3]*dDD[r,1,1]-1/81*hb^2/La^2*B[r,1,1,1,3,1,
3]*dA[r,1,3,2,3,1]+2/81*hb^2/La^2*C[r,1,1,3,3]*B[r,1,1,1,3,1,3]-7/2916*hb^2/La^2*dB[r,1,2,3,3,3,3]*dB[r,1,2,3,1,1,3]-1/
729*hb^2/La^2*dB[r,1,2,3,3,1,1]*dB[r,1,2,1,3,1,3]-5/1458*hb^2/La^2*dB[r,1,2,3,1,1,3]*dB[r,1,2,1,3,1,3]+8/81*C[r,1,1,3,3
]*hb^2/La^2*B[r,1,1,3,3,1,1]+4/81*hb^2/La^2*B[r,1,2,2,2,1,1]*ddB[r,1,1,1,2,1,2]-7/243*dB[r,1,2,3,3,1,1]*hb^2/La^2*dB[r,
1,1,3,3,1,1]-10/729*dB[r,1,2,3,3,1,1]*hb^2/La^2*dB[r,1,1,3,3,3,3]-1/162*hb^2/La^2*B[r,1,2,1,1,3,3]*ddB[r,1,1,3,3,1,1]+5
/81*C[r,1,1,3,3]*hb^2/La^2*B[r,1,1,3,3,3,3]+4/81*hb^2/La^2*C[r,3,3,3,3]*B[r,1,2,3,3,1,1]+2/81*hb^2/La^2*B[r,1,2,2,1,1,2
]*C[r,1,1,1,1]-2/81*hb^2/La^2*B[r,1,2,2,1,1,2]*C[r,1,2,1,2]+2/27*hb^2/La^2*C[r,1,1,1,1]*B[r,1,2,1,2,1,2]+16/81*hb^2/La^
2*B[r,1,2,2,2,1,1]*C[r,1,1,1,1]-16/81*hb^2/La^2*B[r,1,2,2,2,1,1]*C[r,1,2,1,2]+1/81*hb^2/La^2*C[r,1,1,3,3]*B[r,1,2,2,1,1
,2]+1/27*hb^2/La^2*C[r,1,1,3,3]*B[r,1,2,1,2,1,2]-1/27*hb^2/La^2*A[r,1,3,2,3,1]*dB[r,1,1,3,3,1,1]-2/81*hb^2/La^2*A[r,1,2
,3,3,1]*dB[r,1,1,1,2,1,2]-2/81*hb^2/La^2*B[r,1,2,3,3,3,3]*C[r,1,1,1,1]+2/81*hb^2/La^2*B[r,1,2,3,3,3,3]*C[r,1,2,1,2]+4/
81*DD[r,3,3]*dA[r,1,3,2,3,1]+4/81*dDD[r,1,1]*dB[r,1,2,2,2,1,1]+17/729*dDD[r,1,1]*dB[r,1,2,1,2,1,2]-1/729*dDD[r,1,1]*dB[
r,1,2,2,1,1,2]+74/729*dDD[r,3,3]*dB[r,1,1,1,1,1,1]-82/729*dDD[r,3,3]*dB[r,1,1,1,2,1,2]-20/729*dB[r,1,2,3,3,3,3]*dDD[r,3
,3]+16/729*dB[r,1,2,3,3,1,1]*dDD[r,3,3]-16/81*C[r,3,3,1,1]*DD[r,1,1]-16/81*C[r,1,1,1,1]*DD[r,3,3]+16/81*C[r,1,2,1,2]*DD
[r,3,3]+7/729*dB[r,1,2,1,1,3,3]*dDD[r,3,3]-7/729*dB[r,1,2,3,3,3,3]*dDD[r,1,1]+7/243*dDD[r,3,3]*dB[r,1,1,1,1,3,3]+20/243
*dB[r,1,1,3,3,1,1]*dDD[r,1,1]+35/729*dB[r,1,1,3,3,3,3]*dDD[r,1,1]+2/81*ddB[r,1,1,3,3,3,3]*DD[r,1,1]+2/81*ddB[r,1,1,1,1,
3,3]*DD[r,3,3]-4/81*DD[r,3,3]*dA[r,1,1,2,3,3]-8/81*C[r,3,3,3,3]*DD[r,1,1]-8/81*C[r,1,1,3,3]*DD[r,3,3]+4/81*ddB[r,1,1,3,
3,1,1]*DD[r,1,1]+4/81*ddB[r,1,1,1,1,1,1]*DD[r,3,3]-4/81*ddB[r,1,1,1,2,1,2]*DD[r,3,3]+2/81*hb^2/La^2*C[r,3,3,1,1]*B[r,1,
2,1,1,3,3]+1/27*hb^2/La^2*A[r,1,1,2,3,3]*dB[r,1,2,2,1,1,2]+1/27*hb^2/La^2*A[r,1,1,2,3,3]*dB[r,1,2,2,2,1,1]-1/108*hb^2/
La^2*B[r,1,2,1,2,1,2]*ddB[r,1,1,1,1,3,3]+1/81*hb^2/La^2*B[r,1,2,3,1,1,3]*ddB[r,1,1,3,3,1,1]+4/81*hb^2/La^2*C[r,3,3,1,1]
*B[r,1,1,3,1,3,1]+4/81*A[r,1,2,3,3,1]*hb^2/La^2*dB[r,1,1,1,1,1,1]+7/5832*hb^2/La^2*dB[r,1,2,3,3,3,3]*dB[r,1,2,1,1,3,3]-\
1/324*hb^2/La^2*B[r,1,2,1,1,3,3]*ddB[r,1,1,3,3,3,3]-29/1458*dB[r,1,1,1,3,1,3]*hb^2/La^2*dB[r,1,1,1,1,1,1]+37/1458*dB[r,
1,1,1,3,1,3]*hb^2/La^2*dB[r,1,1,1,2,1,2]-5/972*dB[r,1,1,1,3,1,3]*hb^2/La^2*dB[r,1,1,1,1,3,3]-41/2916*dB[r,1,2,3,3,3,3]*
hb^2/La^2*dB[r,1,1,1,2,1,2]+7/1944*dB[r,1,2,3,3,3,3]*hb^2/La^2*dB[r,1,1,1,1,3,3]-5/486*dB[r,1,2,1,1,3,3]*hb^2/La^2*dB[r
,1,1,3,3,1,1]-35/5832*dB[r,1,2,1,1,3,3]*hb^2/La^2*dB[r,1,1,3,3,3,3]+37/2916*dB[r,1,2,3,3,3,3]*hb^2/La^2*dB[r,1,1,1,1,1,
1]-1/9*hb^2/La^2*A[r,1,2,3,3,1]*A[r,1,3,2,3,1]+5/162*hb^2/La^2*B[r,1,1,3,3,3,3]*dA[r,1,1,2,3,3]-5/1458*hb^2/La^2*dB[r,1
,1,3,1,3,1]*dB[r,1,1,1,3,1,3]+1/162*hb^2/La^2*B[r,1,2,3,1,1,3]*ddB[r,1,1,3,3,3,3]+1/162*hb^2/La^2*B[r,1,2,1,3,1,3]*ddB[
r,1,1,1,1,3,3]+2/81*hb^2/La^2*A[r,1,2,3,3,1]*dB[r,1,2,1,3,1,3]+2/81*hb^2/La^2*B[r,1,2,3,3,3,3]*ddB[r,1,1,3,3,1,1]+8/243
*dB[r,1,2,3,3,3,3]*hb^2/La^2*dB[r,1,1,3,3,1,1]+25/1458*dB[r,1,2,3,3,3,3]*hb^2/La^2*dB[r,1,1,3,3,3,3]-2/81*hb^2/La^2*B[r
,1,2,1,2,1,2]*ddB[r,1,1,3,3,1,1]+2/243*dB[r,1,2,1,3,1,3]*hb^2/La^2*dB[r,1,1,3,3,1,1]+5/729*dB[r,1,2,1,3,1,3]*hb^2/La^2*
dB[r,1,1,3,3,3,3]-35/1458*hb^2/La^2*dB[r,1,1,3,3,3,3]*dB[r,1,2,1,2,1,2]-10/243*hb^2/La^2*dB[r,1,1,3,3,1,1]*dB[r,1,2,1,2
,1,2]-4/81*hb^2/La^2*B[r,1,2,3,3,3,3]*dA[r,1,2,3,3,1]+4/81*hb^2/La^2*dA[r,1,2,3,3,1]*B[r,1,2,1,2,1,2]+8/81*ddB[r,1,1,1,
2,1,2]*DD[r,1,1]+8/81*A[r,1,1,2,3,3]*dDD[r,1,1]-4/81*ddB[r,1,1,1,1,3,3]*DD[r,1,1]+14/729*dB[r,1,2,2,1,1,2]*dDD[r,3,3]+
28/729*dB[r,1,2,3,1,1,3]*dDD[r,1,1]+14/729*dB[r,1,2,2,2,1,1]*dDD[r,3,3]-14/729*dB[r,1,2,3,3,1,1]*dDD[r,1,1]+32/81*C[r,1
,1,1,1]*DD[r,1,1]-8/81*ddB[r,1,1,1,1,1,1]*DD[r,1,1]-32/729*dB[r,1,2,1,1,3,3]*dDD[r,1,1]+16/81*C[r,1,1,3,3]*DD[r,1,1]+8/
729*dB[r,1,1,3,1,3,1]*dDD[r,1,1]+8/81*DD[r,1,1]*dA[r,1,1,2,3,3]-112/729*dDD[r,1,1]*dB[r,1,1,1,1,1,1]+56/729*dDD[r,1,1]*
dB[r,1,1,1,2,1,2]-26/243*dDD[r,1,1]*dB[r,1,1,1,1,3,3]-8/81*DD[r,1,1]*dA[r,1,3,2,3,1]-32/81*C[r,1,2,1,2]*DD[r,1,1]+28/
729*dDD[r,3,3]*dB[r,1,2,1,2,1,2]-8/729*dB[r,1,2,1,3,1,3]*dDD[r,3,3]-4/81*A[r,1,2,3,3,1]*dDD[r,1,1]+4/81*A[r,1,3,2,3,1]*
dDD[r,3,3]+10/729*dB[r,1,1,1,3,1,3]*dDD[r,1,1]+14/729*dB[r,1,1,3,1,3,1]*dDD[r,3,3]-10/729*dB[r,1,2,1,3,1,3]*dDD[r,1,1]-\
14/729*dB[r,1,2,3,1,1,3]*dDD[r,3,3]-8/81*DD[r,1,1]*dA[r,1,2,3,3,1]+7/1458*hb^2/La^2*dB[r,1,2,2,1,1,2]^2+23/2916*hb^2/La
^2*dB[r,1,2,3,1,1,3]^2-23/2916*hb^2/La^2*dB[r,1,2,2,2,1,1]^2-1/2916*hb^2/La^2*dB[r,1,2,3,3,1,1]^2+215/2916*hb^2/La^2*dB
[r,1,1,1,1,1,1]^2-1/9*hb^2/La^2*A[r,1,1,2,3,3]^2-1/18*hb^2/La^2*A[r,1,3,3,1,2]^2-1/9*hb^2/La^2*A[r,1,1,1,1,2]^2-1/18*hb
^2/La^2*A[r,1,2,1,1,1]^2-1/18*hb^2/La^2*A[r,1,1,2,1,1]^2+7/216*hb^2/La^2*dB[r,1,1,1,1,3,3]^2-25/2916*hb^2/La^2*dB[r,1,1
,1,2,1,2]^2+56/729/hb^2*La^2*dDD[r,1,1]^2-1/24*hb^2/La^2*A0[r,1,1,2]^2-13/2916*hb^2/La^2*dB[r,1,1,3,1,3,1]^2-11/5832*hb
^2/La^2*dB[r,1,2,1,1,3,3]^2+1/81*hb^2/La^2*B[r,1,2,1,1,3,3]*dA[r,1,2,3,3,1]+5/2916*hb^2/La^2*dB[r,1,2,1,1,3,3]*dB[r,1,2
,1,3,1,3]-2/81*hb^2/La^2*C[r,3,3,3,3]*B[r,1,2,3,1,1,3]-2/81*hb^2/La^2*C[r,1,1,3,3]*B[r,1,2,1,3,1,3]-5/162*hb^2/La^2*A[r
,1,3,2,3,1]*dB[r,1,1,3,3,3,3]+2/81*hb^2/La^2*A[r,1,3,2,3,1]*dB[r,1,2,1,3,1,3]+8/81*hb^2/La^2*C[r,1,1,3,3]*B[r,1,2,2,2,1
,1]+5/1458*hb^2/La^2*dB[r,1,2,1,3,1,3]*dB[r,1,1,3,1,3,1]+5/1458*hb^2/La^2*dB[r,1,2,3,1,1,3]*dB[r,1,1,1,3,1,3]-17/2916*
hb^2/La^2*dB[r,1,1,3,1,3,1]*dB[r,1,2,1,2,1,2]-17/5832*hb^2/La^2*dB[r,1,2,1,1,3,3]*dB[r,1,2,1,2,1,2]-1/162*hb^2/La^2*dB[
r,1,2,2,2,1,1]*dB[r,1,1,3,1,3,1]+2/729*hb^2/La^2*dB[r,1,2,3,3,3,3]*dB[r,1,2,3,3,1,1]-1/81*hb^2/La^2*A[r,1,2,3,3,1]*dB[r
,1,2,3,1,1,3]-4/81*hb^2/La^2*B[r,1,1,3,3,1,1]*dA[r,1,3,2,3,1]+4/81*hb^2/La^2*B[r,1,2,1,3,1,3]*C[r,1,2,1,2]+1/81*hb^2/La
^2*B[r,1,2,1,3,1,3]*ddB[r,1,1,1,1,1,1]-1/81*hb^2/La^2*B[r,1,2,1,3,1,3]*ddB[r,1,1,1,2,1,2]-1/81*hb^2/La^2*B[r,1,1,3,1,3,
1]*ddB[r,1,1,3,3,1,1]+1/27*hb^2/La^2*B[r,1,1,1,1,3,3]*dA[r,1,2,3,3,1]-1/54*hb^2/La^2*B[r,1,2,1,2,1,2]*ddB[r,1,1,1,1,1,1
]+1/54*hb^2/La^2*B[r,1,2,1,2,1,2]*ddB[r,1,1,1,2,1,2]-1/324*hb^2/La^2*B[r,1,2,2,1,1,2]*ddB[r,1,1,1,1,3,3]+4/81*hb^2/La^2
*B[r,1,2,2,2,1,1]*dA[r,1,1,2,3,3]+5/243*dB[r,1,2,3,1,1,3]*hb^2/La^2*dB[r,1,1,3,3,1,1]+35/2916*dB[r,1,2,3,1,1,3]*hb^2/La
^2*dB[r,1,1,3,3,3,3]+29/1458*dB[r,1,2,1,3,1,3]*hb^2/La^2*dB[r,1,1,1,1,1,1]-37/1458*dB[r,1,2,1,3,1,3]*hb^2/La^2*dB[r,1,1
,1,2,1,2]+5/972*dB[r,1,2,1,3,1,3]*hb^2/La^2*dB[r,1,1,1,1,3,3]+1/81*hb^2/La^2*C[r,3,3,3,3]*B[r,1,2,1,1,3,3]-1/81*hb^2/La
^2*C[r,1,1,3,3]*B[r,1,2,3,3,3,3]-1/162*hb^2/La^2*B[r,1,2,3,3,3,3]*dA[r,1,1,2,3,3]-5/162*hb^2/La^2*A[r,1,3,2,3,1]*dB[r,1
,2,1,2,1,2]+1/162*hb^2/La^2*A[r,1,3,2,3,1]*dB[r,1,2,2,1,1,2]-11/162*hb^2/La^2*dB[r,1,1,1,1,1,1]*dB[r,1,2,2,2,1,1]-95/
2916*hb^2/La^2*dB[r,1,1,1,1,1,1]*dB[r,1,2,1,2,1,2]+13/2916*hb^2/La^2*dB[r,1,1,1,1,1,1]*dB[r,1,2,2,1,1,2]+13/162*hb^2/La
^2*dB[r,1,1,1,2,1,2]*dB[r,1,2,2,2,1,1]+115/2916*hb^2/La^2*dB[r,1,1,1,2,1,2]*dB[r,1,2,1,2,1,2]-29/2916*hb^2/La^2*dB[r,1,
1,1,2,1,2]*dB[r,1,2,2,1,1,2]-2/81*hb^2/La^2*dB[r,1,1,1,1,3,3]*dB[r,1,2,2,2,1,1]+10/81*C[r,3,3,3,3]*hb^2/La^2*B[r,1,1,1,
1,1,1]-10/81*C[r,3,3,3,3]*hb^2/La^2*B[r,1,1,1,2,1,2]+1/27*C[r,3,3,3,3]*hb^2/La^2*B[r,1,1,1,1,3,3]+16/81*C[r,1,1,1,1]*hb
^2/La^2*B[r,1,1,3,3,1,1]+10/81*C[r,1,1,1,1]*hb^2/La^2*B[r,1,1,3,3,3,3]-16/81*C[r,1,2,1,2]*hb^2/La^2*B[r,1,1,3,3,1,1]+1/
81*hb^2/La^2*B[r,1,2,1,3,1,3]*dA[r,1,3,2,3,1]-1/54*hb^2/La^2*B[r,1,2,1,2,1,2]*dA[r,1,3,2,3,1]-5/162*ddB[r,1,1,3,3,3,3]*
hb^2/La^2*B[r,1,1,1,1,1,1]+5/162*ddB[r,1,1,3,3,3,3]*hb^2/La^2*B[r,1,1,1,2,1,2]-1/108*ddB[r,1,1,3,3,3,3]*hb^2/La^2*B[r,1
,1,1,1,3,3]-2/81*ddB[r,1,1,1,1,3,3]*hb^2/La^2*B[r,1,1,3,3,1,1]-5/324*ddB[r,1,1,1,1,3,3]*hb^2/La^2*B[r,1,1,3,3,3,3]-4/81
*hb^2/La^2*C[r,3,3,1,1]*B[r,1,2,3,1,1,3]-4/81*hb^2/La^2*C[r,1,1,1,1]*B[r,1,2,1,3,1,3]+4/81*hb^2/La^2*B[r,1,1,3,3,1,1]*
dA[r,1,1,2,3,3]-5/81*ddB[r,1,1,3,3,1,1]*hb^2/La^2*B[r,1,1,1,1,1,1]+4/81*hb^2/La^2*B[r,1,2,3,3,1,1]*dA[r,1,2,3,3,1]-4/81
*hb^2/La^2*dA[r,1,3,2,3,1]*B[r,1,2,2,2,1,1]-1/162*hb^2/La^2*dA[r,1,3,2,3,1]*B[r,1,2,2,1,1,2]+1/729*hb^2/La^2*dB[r,1,2,3
,3,1,1]*dB[r,1,1,1,3,1,3]-17/1944*hb^2/La^2*dB[r,1,1,1,1,3,3]*dB[r,1,2,1,2,1,2]-11/1944*hb^2/La^2*dB[r,1,1,1,1,3,3]*dB[
r,1,2,2,1,1,2]-1/81*hb^2/La^2*B[r,1,2,1,3,1,3]*dA[r,1,1,2,3,3]+7/2916*hb^2/La^2*dB[r,1,2,3,3,3,3]*dB[r,1,1,3,1,3,1]-5/
2916*hb^2/La^2*dB[r,1,2,1,1,3,3]*dB[r,1,1,1,3,1,3]+1/81*hb^2/La^2*B[r,1,1,1,3,1,3]*dA[r,1,1,2,3,3]+8/81*hb^2/La^2*C[r,3
,3,1,1]*B[r,1,2,1,2,1,2]+4/81*hb^2/La^2*C[r,3,3,3,3]*B[r,1,2,1,2,1,2]+2/81*hb^2/La^2*A[r,1,2,3,3,1]*dB[r,1,2,1,2,1,2]-5
/729*hb^2/La^2*dB[r,1,2,1,2,1,2]*dB[r,1,1,1,3,1,3]+10/81*hb^2/La^2*dA[r,1,2,3,3,1]*B[r,1,1,1,1,1,1]+5/81*hb^2/La^2*B[r,
1,1,1,1,3,3]*dA[r,1,3,2,3,1]+13/1458*hb^2/La^2*dB[r,1,2,1,3,1,3]*dB[r,1,2,2,2,1,1]-13/1458*hb^2/La^2*dB[r,1,2,1,3,1,3]*
dB[r,1,2,2,1,1,2]-8/729*hb^2/La^2*dB[r,1,2,3,1,1,3]*dB[r,1,2,3,3,1,1]+1/27*hb^2/La^2*A[r,1,3,2,3,1]*dB[r,1,2,3,1,1,3]-2
/81*hb^2/La^2*B[r,1,2,3,1,1,3]*ddB[r,1,1,1,1,1,1]-25/1458*dB[r,1,1,3,1,3,1]*hb^2/La^2*dB[r,1,1,1,1,1,1]+35/1458*dB[r,1,
1,3,1,3,1]*hb^2/La^2*dB[r,1,1,1,2,1,2]+1/486*dB[r,1,1,3,1,3,1]*hb^2/La^2*dB[r,1,1,1,1,3,3]-2/9*hb^2/La^2*A[r,1,1,2,1,1]
*A[r,1,2,1,1,1]-1/9*hb^2/La^2*A[r,1,1,1,1,2]*A[r,1,2,1,1,1]+5/162*hb^2/La^2*B[r,1,1,1,1,3,3]*ddB[r,1,1,1,1,3,3]-8/81*hb
^2/La^2*B[r,1,2,3,1,1,3]*C[r,1,2,1,2]+2/81*hb^2/La^2*C[r,3,3,3,3]*B[r,1,2,2,2,1,1]-5/81*ddB[r,1,1,1,2,1,2]*hb^2/La^2*B[
r,1,1,1,1,3,3]-5/1458*hb^2/La^2*dB[r,1,2,2,2,1,1]*dB[r,1,1,1,3,1,3]-47/1458*dB[r,1,2,3,1,1,3]*hb^2/La^2*dB[r,1,1,1,1,1,
1]+1/1458*dB[r,1,2,3,1,1,3]*hb^2/La^2*dB[r,1,1,1,2,1,2]-4/81*hb^2/La^2*dA[r,1,3,2,3,1]*B[r,1,1,1,2,1,2]-8/81*hb^2/La^2*
B[r,1,1,1,1,1,1]*dA[r,1,1,2,3,3]-1/81*hb^2/La^2*B[r,1,2,2,1,1,2]*ddB[r,1,1,3,3,1,1]+8/81*hb^2/La^2*B[r,1,1,1,1,1,1]*ddB
[r,1,1,1,1,1,1]+1/81*hb^2/La^2*B[r,1,2,3,3,1,1]*ddB[r,1,1,1,1,1,1]-1/81*hb^2/La^2*B[r,1,2,3,3,1,1]*ddB[r,1,1,1,2,1,2]+5
/81*hb^2/La^2*A[r,1,1,2,3,3]*dB[r,1,2,3,1,1,3]+4/81*hb^2/La^2*dA[r,1,1,2,3,3]*B[r,1,1,1,2,1,2]+8/81*hb^2/La^2*dA[r,1,3,
2,3,1]*B[r,1,1,1,1,1,1]+1/81*hb^2/La^2*A[r,1,2,3,3,1]*dB[r,1,2,2,2,1,1]+1/81*hb^2/La^2*A[r,1,2,3,3,1]*dB[r,1,2,2,1,1,2]
+2/81*hb^2/La^2*B[r,1,2,1,1,3,3]*ddB[r,1,1,1,1,3,3]+4/81*hb^2/La^2*B[r,1,2,1,1,3,3]*ddB[r,1,1,1,1,1,1]-4/81*hb^2/La^2*B
[r,1,2,1,1,3,3]*ddB[r,1,1,1,2,1,2]-1/81*hb^2/La^2*A[r,1,1,2,3,3]*dB[r,1,2,3,3,1,1]+11/2916*hb^2/La^2*dB[r,1,2,3,3,3,3]*
dB[r,1,2,2,2,1,1]-2/81*hb^2/La^2*A[r,1,1,2,3,3]*dB[r,1,1,1,1,3,3]-4/81*hb^2/La^2*C[r,1,1,1,1]*B[r,1,2,3,3,1,1]-1/81*hb^
2/La^2*B[r,1,1,3,3,1,1]^2/r^2-53/648*hb^2/La^2*B[r,1,1,1,1,3,3]^2/r^2-67/2916*hb^2/La^2*B[r,1,2,2,2,1,1]^2/r^2-29/5832*
hb^2/La^2*B[r,1,2,1,1,3,3]^2/r^2-1/648*hb^2/La^2*B[r,1,2,3,3,3,3]^2/r^2-13/2916*hb^2/La^2*B[r,1,1,3,1,3,1]^2/r^2-5/5832
*hb^2/La^2*B[r,1,1,3,3,3,3]^2/r^2+1/1458*hb^2/La^2*B[r,1,1,1,3,1,3]^2/r^2+59/2916*hb^2/La^2*B[r,1,2,3,1,1,3]^2/r^2-1/
648*hb^2/La^2*B[r,1,2,1,2,1,2]^2/r^2+127/5832*hb^2/La^2*B[r,1,2,2,1,1,2]^2/r^2-1/162*hb^2/La^2*B[r,1,2,1,3,1,3]^2/r^2-7
/54*hb^2/La^2*B[r,1,2,1,3,1,3]*B[r,1,1,1,2,1,2]/r^2+5/324*hb^2/La^2*B[r,1,2,3,3,3,3]*B[r,1,1,1,2,1,2]/r^2+11/162*hb^2/
La^2*B[r,1,1,1,1,1,1]*B[r,1,2,1,3,1,3]/r^2+1/324*hb^2/La^2*B[r,1,2,3,3,3,3]*B[r,1,1,3,3,3,3]/r^2+2/81*hb^2/La^2*B[r,1,2
,1,3,1,3]*B[r,1,1,1,3,1,3]/r^2-1/108*hb^2/La^2*B[r,1,1,1,1,1,1]*B[r,1,2,3,3,3,3]/r^2-5/81*hb^2/La^2*B[r,1,2,1,3,1,3]*B[
r,1,1,3,3,1,1]/r^2-1/162*hb^2/La^2*B[r,1,2,1,2,1,2]*B[r,1,1,1,1,3,3]/r^2-1/108*hb^2/La^2*B[r,1,2,1,2,1,2]*B[r,1,1,3,1,3
,1]/r^2+1/324*hb^2/La^2*B[r,1,2,3,3,3,3]*B[r,1,1,3,1,3,1]/r^2+5/324*hb^2/La^2*B[r,1,2,1,2,1,2]*B[r,1,1,3,3,3,3]/r^2-13/
1458*B[r,1,1,1,3,1,3]*hb^2/La^2*B[r,1,1,1,1,1,1]/r^2+11/1458*B[r,1,1,1,3,1,3]*hb^2/La^2*B[r,1,1,1,2,1,2]/r^2-1/243*B[r,
1,1,1,3,1,3]*hb^2/La^2*B[r,1,1,1,1,3,3]/r^2-409/2916*hb^2/La^2*B[r,1,1,3,3,3,3]*B[r,1,1,1,2,1,2]/r^2+13/81*hb^2/La^2*B[
r,1,1,1,1,3,3]*B[r,1,1,3,3,1,1]/r^2+19/243*hb^2/La^2*B[r,1,1,3,3,3,3]*B[r,1,1,1,1,3,3]/r^2+86/243*hb^2/La^2*B[r,1,1,3,3
,1,1]*B[r,1,1,1,1,1,1]/r^2+257/972*hb^2/La^2*B[r,1,1,1,1,3,3]*B[r,1,1,1,2,1,2]/r^2+13/1458*hb^2/La^2*B[r,1,2,3,3,1,1]*B
[r,1,1,1,3,1,3]/r^2+1/36*hb^2/La^2*B[r,1,2,3,3,1,1]*B[r,1,2,1,2,1,2]/r^2+41/2916*hb^2/La^2*B[r,1,2,3,3,1,1]*B[r,1,2,2,1
,1,2]/r^2-112/729/hb^2*La^2*DD[r,3,3]*DD[r,1,1]/r^2+7/1458*B[r,1,1,1,3,1,3]*hb^2/La^2*B[r,1,1,3,3,3,3]/r^2+2/243*hb^2/
La^2*B[r,1,1,3,3,1,1]*B[r,1,2,2,1,1,2]/r^2+241/1458*hb^2/La^2*B[r,1,1,1,1,1,1]*B[r,1,2,3,1,1,3]/r^2-5/1458*hb^2/La^2*B[
r,1,2,2,2,1,1]*B[r,1,1,3,1,3,1]/r^2-1/324*hb^2/La^2*B[r,1,2,3,3,3,3]*B[r,1,2,1,2,1,2]/r^2-1/162*hb^2/La^2*B[r,1,2,1,1,3
,3]*B[r,1,2,1,3,1,3]/r^2+41/1458*hb^2/La^2*B[r,1,2,3,1,1,3]*B[r,1,2,2,2,1,1]/r^2+1/108*hb^2/La^2*B[r,1,2,1,1,3,3]*B[r,1
,2,1,2,1,2]/r^2+4/81*B[r,1,2,1,3,1,3]*DD[r,3,3]/r^2-2/27*B[r,1,2,3,3,3,3]*DD[r,3,3]/r^2+2/27*B[r,1,2,3,3,3,3]*DD[r,1,1]
/r^2+2/81*DD[r,3,3]*B[r,1,2,1,2,1,2]/r^2-2/81*B[r,1,2,1,2,1,2]*DD[r,1,1]/r^2-127/2916*hb^2/La^2*B[r,1,2,3,1,1,3]*B[r,1,
2,2,1,1,2]/r^2+1/2916*hb^2/La^2*B[r,1,2,2,1,1,2]*B[r,1,1,3,1,3,1]/r^2-29/2916*hb^2/La^2*B[r,1,2,1,1,3,3]*B[r,1,2,3,3,1,
1]/r^2-55/2916*hb^2/La^2*B[r,1,2,2,1,1,2]*B[r,1,2,2,2,1,1]/r^2-7/162*hb^2/La^2*B[r,1,2,1,3,1,3]*B[r,1,2,3,3,1,1]/r^2-61
/1458*B[r,1,1,3,1,3,1]*hb^2/La^2*B[r,1,1,1,1,1,1]/r^2+89/1458*B[r,1,1,3,1,3,1]*hb^2/La^2*B[r,1,1,1,2,1,2]/r^2-7/972*B[r
,1,1,3,1,3,1]*hb^2/La^2*B[r,1,1,1,1,3,3]/r^2+2/243*B[r,1,1,1,3,1,3]*hb^2/La^2*B[r,1,1,3,3,1,1]/r^2+37/1458*hb^2/La^2*B[
r,1,2,3,1,1,3]*B[r,1,1,1,3,1,3]/r^2+10/243*hb^2/La^2*B[r,1,1,3,3,1,1]*B[r,1,2,2,2,1,1]/r^2+7/1458*hb^2/La^2*B[r,1,2,3,3
,1,1]*B[r,1,1,3,1,3,1]/r^2+5/972*hb^2/La^2*B[r,1,1,1,1,3,3]*B[r,1,2,2,1,1,2]/r^2+7/243*hb^2/La^2*B[r,1,1,3,3,1,1]*B[r,1
,2,1,1,3,3]/r^2+47/1458*hb^2/La^2*B[r,1,2,3,3,1,1]*B[r,1,2,2,2,1,1]/r^2-5/1458*hb^2/La^2*B[r,1,2,3,1,1,3]*B[r,1,1,3,1,3
,1]/r^2-13/2916*hb^2/La^2*B[r,1,2,1,1,3,3]*B[r,1,1,3,1,3,1]/r^2-7/486*hb^2/La^2*B[r,1,1,1,1,3,3]*B[r,1,2,1,1,3,3]/r^2-\
209/2916*hb^2/La^2*B[r,1,1,3,3,3,3]*B[r,1,2,3,1,1,3]/r^2-305/1458*hb^2/La^2*B[r,1,2,3,1,1,3]*B[r,1,1,1,2,1,2]/r^2-2/243
*hb^2/La^2*B[r,1,1,3,3,3,3]*B[r,1,1,3,3,1,1]/r^2+1/324*hb^2/La^2*B[r,1,2,3,3,3,3]*B[r,1,2,3,1,1,3]/r^2-11/972*hb^2/La^2
*B[r,1,1,1,1,3,3]*B[r,1,2,2,2,1,1]/r^2-4/729*hb^2/La^2*B[r,1,1,3,3,3,3]*B[r,1,2,2,1,1,2]/r^2+55/2916*hb^2/La^2*B[r,1,1,
3,3,3,3]*B[r,1,2,1,1,3,3]/r^2-97/2916*hb^2/La^2*B[r,1,2,1,1,3,3]*B[r,1,1,1,1,1,1]/r^2+71/2916*hb^2/La^2*B[r,1,2,1,1,3,3
]*B[r,1,1,1,2,1,2]/r^2-1/324*hb^2/La^2*B[r,1,2,3,3,3,3]*B[r,1,2,1,1,3,3]/r^2+67/2916*hb^2/La^2*B[r,1,2,1,1,3,3]*B[r,1,2
,2,2,1,1]/r^2+7/162*hb^2/La^2*B[r,1,2,1,3,1,3]*B[r,1,2,2,2,1,1]/r^2+1/162*hb^2/La^2*B[r,1,2,1,3,1,3]*B[r,1,2,1,2,1,2]/r
^2-2/81*hb^2/La^2*B[r,1,2,1,3,1,3]*B[r,1,2,2,1,1,2]/r^2+1/162*hb^2/La^2*B[r,1,2,1,3,1,3]*B[r,1,1,3,1,3,1]/r^2+1/81*hb^2
/La^2*B[r,1,2,1,3,1,3]*B[r,1,1,1,1,3,3]/r^2-1/162*hb^2/La^2*B[r,1,2,3,3,3,3]*B[r,1,1,1,1,3,3]/r^2-1/54*hb^2/La^2*B[r,1,
2,1,2,1,2]*B[r,1,1,1,3,1,3]/r^2-19/324*hb^2/La^2*B[r,1,2,1,2,1,2]*B[r,1,1,1,1,1,1]/r^2+37/324*hb^2/La^2*B[r,1,2,1,2,1,2
]*B[r,1,1,1,2,1,2]/r^2+1/81*hb^2/La^2*B[r,1,2,3,3,3,3]*B[r,1,1,3,3,1,1]/r^2-1/162*hb^2/La^2*B[r,1,1,1,3,1,3]*B[r,1,2,3,
3,3,3]/r^2-1/54*hb^2/La^2*B[r,1,1,3,3,3,3]*B[r,1,2,1,3,1,3]/r^2+4/81*hb^2/La^2*B[r,1,1,3,3,1,1]*B[r,1,2,1,2,1,2]/r^2+
158/729*B[r,1,1,1,1,1,1]*DD[r,1,1]/r^2-178/729*B[r,1,1,1,2,1,2]*DD[r,1,1]/r^2-16/243*B[r,1,1,3,3,1,1]*DD[r,3,3]/r^2-50/
729*B[r,1,2,1,1,3,3]*DD[r,1,1]/r^2+28/243*B[r,1,1,1,1,3,3]*DD[r,1,1]/r^2-34/729*B[r,1,1,3,3,3,3]*DD[r,3,3]/r^2+20/729*B
[r,1,1,1,3,1,3]*DD[r,1,1]/r^2-50/729*B[r,1,2,3,3,1,1]*DD[r,1,1]/r^2+50/729*B[r,1,2,3,3,1,1]*DD[r,3,3]/r^2+28/729*B[r,1,
2,2,1,1,2]*DD[r,3,3]/r^2+8/243*B[r,1,1,1,1,3,3]*DD[r,3,3]/r^2+58/729*B[r,1,1,1,1,1,1]*DD[r,3,3]/r^2-38/729*B[r,1,1,1,2,
1,2]*DD[r,3,3]/r^2+50/729*B[r,1,2,1,1,3,3]*DD[r,3,3]/r^2-26/729*B[r,1,2,3,1,1,3]*DD[r,1,1]/r^2-46/729*B[r,1,2,2,2,1,1]*
DD[r,3,3]/r^2+46/729*B[r,1,2,2,2,1,1]*DD[r,1,1]/r^2-10/729*B[r,1,1,3,1,3,1]*DD[r,1,1]/r^2-20/729*B[r,1,1,1,3,1,3]*DD[r,
3,3]/r^2-28/729*B[r,1,2,2,1,1,2]*DD[r,1,1]/r^2-74/729*B[r,1,1,3,3,3,3]*DD[r,1,1]/r^2+10/729*B[r,1,1,3,1,3,1]*DD[r,3,3]/
r^2+26/729*B[r,1,2,3,1,1,3]*DD[r,3,3]/r^2-56/243*B[r,1,1,3,3,1,1]*DD[r,1,1]/r^2-17/1458*hb^2/La^2*B[r,1,2,2,2,1,1]*B[r,
1,1,1,3,1,3]/r^2-43/1458*hb^2/La^2*B[r,1,2,3,1,1,3]*B[r,1,2,3,3,1,1]/r^2-11/324*hb^2/La^2*B[r,1,2,1,2,1,2]*B[r,1,2,2,2,
1,1]/r^2+5/324*hb^2/La^2*B[r,1,2,3,3,3,3]*B[r,1,2,3,3,1,1]/r^2+109/1458*hb^2/La^2*B[r,1,2,2,2,1,1]*B[r,1,1,1,2,1,2]/r^2
+55/2916*hb^2/La^2*B[r,1,1,3,3,3,3]*B[r,1,2,3,3,1,1]/r^2-14/729*hb^2/La^2*B[r,1,2,2,1,1,2]*B[r,1,1,1,3,1,3]/r^2-7/324*
hb^2/La^2*B[r,1,2,3,1,1,3]*B[r,1,2,1,2,1,2]/r^2+8/243*B[r,1,1,3,1,3,1]*hb^2/La^2*B[r,1,1,3,3,1,1]/r^2+47/2916*B[r,1,1,3
,1,3,1]*hb^2/La^2*B[r,1,1,3,3,3,3]/r^2-41/243*hb^2/La^2*B[r,1,1,3,3,1,1]*B[r,1,2,3,1,1,3]/r^2-5/1458*hb^2/La^2*B[r,1,2,
3,3,1,1]*B[r,1,1,1,2,1,2]/r^2+43/2916*hb^2/La^2*B[r,1,1,3,3,3,3]*B[r,1,2,2,2,1,1]/r^2-23/972*hb^2/La^2*B[r,1,1,1,1,3,3]
*B[r,1,2,3,3,1,1]/r^2+1/162*hb^2/La^2*B[r,1,2,3,3,3,3]*B[r,1,2,1,3,1,3]/r^2-4/81*B[r,1,2,1,3,1,3]*DD[r,1,1]/r^2+7/1458*
hb^2/La^2*B[r,1,2,1,1,3,3]*B[r,1,2,2,1,1,2]/r^2-1/1458*hb^2/La^2*B[r,1,1,3,1,3,1]*B[r,1,1,1,3,1,3]/r^2+133/2916*hb^2/La
^2*B[r,1,2,2,1,1,2]*B[r,1,1,1,2,1,2]/r^2-1/108*hb^2/La^2*B[r,1,2,3,3,3,3]*B[r,1,2,2,2,1,1]/r^2+2/81*hb^2/La^2*B[r,1,2,1
,2,1,2]*B[r,1,2,2,1,1,2]/r^2+1/54*hb^2/La^2*B[r,1,2,1,3,1,3]*B[r,1,2,3,1,1,3]/r^2-5/2916*hb^2/La^2*B[r,1,2,1,1,3,3]*B[r
,1,2,3,1,1,3]/r^2+13/1458*hb^2/La^2*B[r,1,2,1,1,3,3]*B[r,1,1,1,3,1,3]/r^2-70/243*hb^2/La^2*B[r,1,1,3,3,1,1]*B[r,1,1,1,2
,1,2]/r^2+503/2916*hb^2/La^2*B[r,1,1,3,3,3,3]*B[r,1,1,1,1,1,1]/r^2+7/243*hb^2/La^2*B[r,1,1,3,3,1,1]*B[r,1,2,3,3,1,1]/r^
2-65/1458*hb^2/La^2*B[r,1,1,1,1,1,1]*B[r,1,2,2,2,1,1]/r^2+73/972*hb^2/La^2*B[r,1,1,1,1,3,3]*B[r,1,2,3,1,1,3]/r^2-35/
1458*hb^2/La^2*B[r,1,1,1,1,1,1]*B[r,1,2,3,3,1,1]/r^2-307/972*hb^2/La^2*B[r,1,1,1,1,3,3]*B[r,1,1,1,1,1,1]/r^2+941/1458*
hb^2/La^2*B[r,1,1,1,1,1,1]*B[r,1,1,1,2,1,2]/r^2-23/2916*hb^2/La^2*B[r,1,1,1,1,1,1]*B[r,1,2,2,1,1,2]/r^2+56/729/hb^2*La^
2*DD[r,1,1]^2/r^2+56/729/hb^2*La^2*DD[r,3,3]^2/r^2-55/2916*hb^2/La^2*B[r,1,2,3,3,1,1]^2/r^2-1009/2916*hb^2/La^2*B[r,1,1
,1,1,1,1]^2/r^2-925/2916*hb^2/La^2*B[r,1,1,1,2,1,2]^2/r^2-1/162*hb^2/La^2*A[r,1,3,2,1,3]*B[r,1,2,3,1,1,3]/r+1/162*hb^2/
La^2*A[r,1,2,3,1,3]*B[r,1,2,1,2,1,2]/r+7/81*hb^2/La^2*A[r,1,2,1,1,1]*B[r,1,2,1,3,1,3]/r-7/81*hb^2/La^2*A[r,1,1,2,1,1]*B
[r,1,2,2,1,1,2]/r+1/81*hb^2/La^2*A[r,1,2,1,1,1]*B[r,1,2,3,3,3,3]/r+2/81*hb^2/La^2*B[r,1,2,3,3,3,3]*dB[r,1,1,3,3,3,3]/r+
2/27*hb^2/La^2*A[r,1,3,2,1,3]*B[r,1,1,3,3,1,1]/r+5/54*hb^2/La^2*B[r,1,2,2,2,1,1]*A[r,1,1,2,1,1]/r+4/81*hb^2/La^2*B[r,1,
2,3,3,3,3]*dB[r,1,1,3,3,1,1]/r+8/81*hb^2/La^2*A[r,1,2,3,3,1]*B[r,1,2,1,2,1,2]/r-4/81*hb^2/La^2*B[r,1,2,1,2,1,2]*dB[r,1,
1,3,3,1,1]/r-1/81*hb^2/La^2*A[r,1,3,2,1,3]*B[r,1,1,1,3,1,3]/r+7/162*hb^2/La^2*A[r,1,1,1,1,2]*B[r,1,1,3,1,3,1]/r-1/81*hb
^2/La^2*B[r,1,2,2,2,1,1]*dB[r,1,1,3,3,3,3]/r+1/81*hb^2/La^2*B[r,1,2,3,3,1,1]*dB[r,1,1,1,1,3,3]/r-2/81*hb^2/La^2*B[r,1,2
,2,1,1,2]*dB[r,1,1,3,3,1,1]/r-1/6*hb^2/La^2*A[r,1,3,3,1,2]*B[r,1,1,1,1,1,1]/r+11/81*hb^2/La^2*A[r,1,1,1,1,2]*B[r,1,1,3,
3,1,1]/r-2/81*hb^2/La^2*B[r,1,2,3,3,1,1]*A[r,1,1,2,3,3]/r+4/81*hb^2/La^2*A[r,1,1,1,1,2]*B[r,1,1,1,3,1,3]/r+7/54*hb^2/La
^2*A[r,1,3,3,1,2]*B[r,1,1,1,2,1,2]/r-32/81*hb^2/La^2*A[r,1,2,1,1,1]*B[r,1,1,1,1,1,1]/r-7/162*hb^2/La^2*A[r,1,3,2,1,3]*B
[r,1,1,1,1,1,1]/r+4/27*hb^2/La^2*A[r,1,2,3,1,3]*B[r,1,1,1,1,3,3]/r+10/81*hb^2/La^2*A[r,1,2,1,1,1]*B[r,1,1,3,3,3,3]/r+1/
81*hb^2/La^2*A[r,1,3,3,1,2]*B[r,1,1,3,3,1,1]/r+8/81*dB[r,1,1,1,1,3,3]*hb^2/La^2*B[r,1,1,1,1,1,1]/r-4/81*dB[r,1,1,1,1,3,
3]*hb^2/La^2*B[r,1,1,1,2,1,2]/r-16/81*hb^2/La^2*B[r,1,1,1,1,1,1]*dB[r,1,1,1,2,1,2]/r-8/81*hb^2/La^2*dB[r,1,1,1,1,1,1]*B
[r,1,1,1,2,1,2]/r+8/81*hb^2/La^2*B[r,1,1,1,2,1,2]*dB[r,1,1,1,2,1,2]/r+16/81*hb^2/La^2*B[r,1,1,1,1,1,1]*dB[r,1,1,1,1,1,1
]/r+4/81*hb^2/La^2*B[r,1,2,1,1,3,3]*dB[r,1,1,1,1,3,3]/r+8/81*hb^2/La^2*B[r,1,2,1,1,3,3]*dB[r,1,1,1,1,1,1]/r-4/81*A[r,1,
3,2,1,3]*DD[r,3,3]/r-8/81*DD[r,3,3]*A[r,1,1,2,3,3]/r-16/81*DD[r,1,1]*A[r,1,2,3,3,1]/r+8/81*DD[r,3,3]*A[r,1,3,2,3,1]/r+4
/81*A[r,1,3,2,1,3]*DD[r,1,1]/r-16/81*DD[r,3,3]*A[r,1,2,1,1,1]/r-20/81*DD[r,3,3]*A[r,1,1,2,1,1]/r+4/81*A[r,1,2,3,1,3]*DD
[r,3,3]/r-16/81*A[r,1,2,3,1,3]*DD[r,1,1]/r+28/81*DD[r,1,1]*A[r,1,2,1,1,1]/r+20/81*DD[r,1,1]*A[r,1,1,2,1,1]/r+14/81*hb^2
/La^2*A[r,1,2,3,1,3]*B[r,1,1,1,1,1,1]/r-2/81*hb^2/La^2*A[r,1,2,3,1,3]*B[r,1,1,1,2,1,2]/r+1/18*hb^2/La^2*A[r,1,1,1,1,2]*
B[r,1,1,1,1,1,1]/r+26/81*hb^2/La^2*A[r,1,2,1,1,1]*B[r,1,1,1,2,1,2]/r-41/162*hb^2/La^2*A[r,1,1,2,1,1]*B[r,1,1,1,1,1,1]/r
-7/162*hb^2/La^2*A[r,1,1,1,1,2]*B[r,1,1,1,1,3,3]/r+7/54*hb^2/La^2*A[r,1,3,3,1,2]*B[r,1,2,3,1,1,3]/r+1/54*hb^2/La^2*A[r,
1,3,3,1,2]*B[r,1,2,2,1,1,2]/r-1/81*hb^2/La^2*A[r,1,3,3,1,2]*B[r,1,1,1,3,1,3]/r+4/81*hb^2/La^2*B[r,1,2,3,1,1,3]*dB[r,1,1
,1,2,1,2]/r+8/81*hb^2/La^2*B[r,1,2,1,1,3,3]*A[r,1,3,2,3,1]/r+1/162*hb^2/La^2*A[r,1,3,2,1,3]*B[r,1,1,1,2,1,2]/r-1/81*hb^
2/La^2*A[r,1,2,3,1,3]*B[r,1,1,1,3,1,3]/r+1/27*hb^2/La^2*A[r,1,1,1,1,2]*B[r,1,2,2,1,1,2]/r-8/81*hb^2/La^2*B[r,1,2,1,1,3,
3]*A[r,1,1,2,3,3]/r-10/81*hb^2/La^2*B[r,1,1,1,1,3,3]*A[r,1,1,2,3,3]/r-10/81*dB[r,1,1,1,2,1,2]*hb^2/La^2*B[r,1,1,1,1,3,3
]/r+10/81*dB[r,1,1,1,1,1,1]*hb^2/La^2*B[r,1,1,1,1,3,3]/r-1/81*hb^2/La^2*B[r,1,2,2,1,1,2]*dB[r,1,1,3,3,3,3]/r-5/54*hb^2/
La^2*A[r,1,1,1,1,2]*B[r,1,2,3,1,1,3]/r+10/81*hb^2/La^2*B[r,1,1,1,1,3,3]*A[r,1,3,2,3,1]/r-16/81*hb^2/La^2*B[r,1,1,1,1,1,
1]*A[r,1,1,2,3,3]/r+8/81*hb^2/La^2*A[r,1,1,2,3,3]*B[r,1,1,1,2,1,2]/r+16/81*hb^2/La^2*A[r,1,3,2,3,1]*B[r,1,1,1,1,1,1]/r-\
8/81*hb^2/La^2*A[r,1,3,2,3,1]*B[r,1,1,1,2,1,2]/r+23/162*hb^2/La^2*A[r,1,1,2,1,1]*B[r,1,1,1,2,1,2]/r+4/81*hb^2/La^2*B[r,
1,2,3,1,1,3]*A[r,1,1,2,3,3]/r+4/81*hb^2/La^2*B[r,1,2,2,1,1,2]*A[r,1,2,3,3,1]/r-4/81*hb^2/La^2*B[r,1,2,3,1,1,3]*dB[r,1,1
,1,1,1,1]/r-2/81*hb^2/La^2*B[r,1,2,3,1,1,3]*dB[r,1,1,1,1,3,3]/r-8/81*hb^2/La^2*B[r,1,2,1,1,3,3]*dB[r,1,1,1,2,1,2]/r-11/
162*hb^2/La^2*A[r,1,1,2,1,1]*B[r,1,2,1,1,3,3]/r+1/162*hb^2/La^2*A[r,1,1,2,1,1]*B[r,1,1,3,1,3,1]/r-4/81*hb^2/La^2*B[r,1,
2,3,1,1,3]*A[r,1,3,2,3,1]/r-1/54*hb^2/La^2*A[r,1,1,1,1,2]*B[r,1,2,3,3,1,1]/r+1/18*hb^2/La^2*A[r,1,3,3,1,2]*B[r,1,2,3,3,
1,1]/r-5/81*dB[r,1,1,1,1,1,1]*hb^2/La^2*B[r,1,1,3,3,3,3]/r-8/81*hb^2/La^2*A[r,1,2,1,1,1]*B[r,1,2,1,2,1,2]/r+5/81*hb^2/
La^2*A[r,1,2,3,1,3]*B[r,1,2,3,3,1,1]/r-2/81*hb^2/La^2*B[r,1,2,1,2,1,2]*dB[r,1,1,3,3,3,3]/r-2/81*hb^2/La^2*B[r,1,2,3,3,1
,1]*A[r,1,2,1,1,1]/r+25/162*hb^2/La^2*A[r,1,1,2,1,1]*B[r,1,1,3,3,3,3]/r-1/54*hb^2/La^2*A[r,1,3,2,1,3]*B[r,1,2,2,2,1,1]/
r-1/81*hb^2/La^2*A[r,1,2,3,1,3]*B[r,1,2,1,3,1,3]/r+13/162*hb^2/La^2*A[r,1,1,2,1,1]*B[r,1,2,3,1,1,3]/r+7/27*hb^2/La^2*B[
r,1,1,3,3,1,1]*A[r,1,1,2,1,1]/r-8/81*hb^2/La^2*B[r,1,2,3,3,3,3]*A[r,1,2,3,3,1]/r+4/81*hb^2/La^2*B[r,1,1,1,3,1,3]*A[r,1,
1,2,1,1]/r+1/81*hb^2/La^2*A[r,1,3,2,1,3]*B[r,1,2,2,1,1,2]/r+1/81*hb^2/La^2*B[r,1,2,3,3,3,3]*A[r,1,3,2,3,1]/r-2/81*hb^2/
La^2*B[r,1,2,1,3,1,3]*A[r,1,1,2,3,3]/r-2/81*hb^2/La^2*B[r,1,1,3,1,3,1]*dB[r,1,1,3,3,1,1]/r-4/81*hb^2/La^2*B[r,1,2,3,3,1
,1]*dB[r,1,1,3,3,1,1]/r+2/81*hb^2/La^2*B[r,1,2,1,3,1,3]*dB[r,1,1,1,1,1,1]/r-1/162*hb^2/La^2*B[r,1,2,2,1,1,2]*dB[r,1,1,1
,1,3,3]/r+2/81*hb^2/La^2*B[r,1,2,3,1,1,3]*dB[r,1,1,3,3,1,1]/r+8/81*hb^2/La^2*B[r,1,2,2,2,1,1]*dB[r,1,1,1,2,1,2]/r-8/81*
hb^2/La^2*dB[r,1,1,1,1,1,1]*B[r,1,2,2,2,1,1]/r-1/27*hb^2/La^2*B[r,1,2,1,2,1,2]*dB[r,1,1,1,1,1,1]/r+1/27*hb^2/La^2*B[r,1
,2,1,2,1,2]*dB[r,1,1,1,2,1,2]/r-1/81*hb^2/La^2*B[r,1,2,3,3,3,3]*A[r,1,1,2,3,3]/r-5/162*hb^2/La^2*A[r,1,1,2,1,1]*B[r,1,2
,1,2,1,2]/r+2/81*hb^2/La^2*A[r,1,1,2,1,1]*B[r,1,2,1,3,1,3]/r+5/81*hb^2/La^2*B[r,1,1,3,3,3,3]*A[r,1,1,2,3,3]/r+5/162*hb^
2/La^2*A[r,1,3,2,1,3]*B[r,1,1,3,3,3,3]/r-2/81*hb^2/La^2*B[r,1,1,1,3,1,3]*A[r,1,3,2,3,1]/r+2/81*hb^2/La^2*B[r,1,1,1,3,1,
3]*A[r,1,1,2,3,3]/r+2/81*hb^2/La^2*B[r,1,2,1,3,1,3]*A[r,1,3,2,3,1]/r-1/27*hb^2/La^2*B[r,1,2,1,2,1,2]*A[r,1,3,2,3,1]/r+2
/81*hb^2/La^2*B[r,1,2,1,1,3,3]*A[r,1,2,3,3,1]/r+1/162*hb^2/La^2*B[r,1,2,3,3,3,3]*dB[r,1,1,1,1,3,3]/r+1/81*hb^2/La^2*B[r
,1,2,3,3,3,3]*dB[r,1,1,1,1,1,1]/r-1/81*hb^2/La^2*B[r,1,2,3,3,3,3]*dB[r,1,1,1,2,1,2]/r-4/81*hb^2/La^2*B[r,1,2,2,2,1,1]*
dB[r,1,1,1,1,3,3]/r-2/81*hb^2/La^2*B[r,1,2,3,3,1,1]*dB[r,1,1,3,3,3,3]/r-1/81*hb^2/La^2*B[r,1,2,2,1,1,2]*dB[r,1,1,1,1,1,
1]/r+1/81*hb^2/La^2*B[r,1,2,2,1,1,2]*dB[r,1,1,1,2,1,2]/r+10/81*dB[r,1,1,3,3,1,1]*hb^2/La^2*B[r,1,1,1,2,1,2]/r-1/27*dB[r
,1,1,3,3,1,1]*hb^2/La^2*B[r,1,1,1,1,3,3]/r-8/81*dB[r,1,1,1,1,1,1]*hb^2/La^2*B[r,1,1,3,3,1,1]/r-8/81*hb^2/La^2*B[r,1,1,3
,3,1,1]*A[r,1,3,2,3,1]/r-5/81*dB[r,1,1,3,3,3,3]*hb^2/La^2*B[r,1,1,1,1,1,1]/r+5/81*dB[r,1,1,3,3,3,3]*hb^2/La^2*B[r,1,1,1
,2,1,2]/r-1/162*hb^2/La^2*B[r,1,2,1,1,3,3]*dB[r,1,1,3,3,3,3]/r-1/81*hb^2/La^2*B[r,1,2,1,1,3,3]*dB[r,1,1,3,3,1,1]/r+8/81
*dB[r,1,1,1,2,1,2]*hb^2/La^2*B[r,1,1,3,3,1,1]/r+5/81*dB[r,1,1,1,2,1,2]*hb^2/La^2*B[r,1,1,3,3,3,3]/r+8/81*hb^2/La^2*B[r,
1,2,3,3,1,1]*A[r,1,2,3,3,1]/r-8/81*hb^2/La^2*A[r,1,3,2,3,1]*B[r,1,2,2,2,1,1]/r-1/81*hb^2/La^2*A[r,1,3,2,3,1]*B[r,1,2,2,
1,1,2]/r-10/81*dB[r,1,1,3,3,1,1]*hb^2/La^2*B[r,1,1,1,1,1,1]/r+1/162*hb^2/La^2*A[r,1,1,2,1,1]*B[r,1,2,3,3,3,3]/r+8/81*hb
^2/La^2*B[r,1,1,3,3,1,1]*A[r,1,1,2,3,3]/r-2/81*hb^2/La^2*B[r,1,2,1,3,1,3]*dB[r,1,1,1,2,1,2]/r+1/81*hb^2/La^2*B[r,1,2,3,
1,1,3]*dB[r,1,1,3,3,3,3]/r+2/81*hb^2/La^2*B[r,1,1,1,3,1,3]*dB[r,1,1,1,2,1,2]/r-5/81*hb^2/La^2*B[r,1,1,3,3,3,3]*A[r,1,3,
2,3,1]/r-4/81*hb^2/La^2*B[r,1,2,3,1,1,3]*A[r,1,2,3,3,1]/r+8/81*hb^2/La^2*B[r,1,2,2,2,1,1]*A[r,1,1,2,3,3]/r+1/162*hb^2/
La^2*A[r,1,2,3,1,3]*B[r,1,2,3,3,3,3]/r-1/162*hb^2/La^2*A[r,1,3,2,1,3]*B[r,1,2,3,3,3,3]/r+2/27*hb^2/La^2*A[r,1,3,3,1,2]*
B[r,1,2,1,3,1,3]/r-2/27*hb^2/La^2*A[r,1,3,3,1,2]*B[r,1,2,3,3,3,3]/r-1/9*hb^2/La^2*A[r,1,1,1,1,2]*B[r,1,2,1,3,1,3]/r+7/
54*hb^2/La^2*A[r,1,1,1,1,2]*B[r,1,2,1,2,1,2]/r-1/54*hb^2/La^2*A[r,1,1,1,1,2]*B[r,1,2,3,3,3,3]/r+16/81*DD[r,1,1]*A[r,1,1
,2,3,3]/r+16/81*dB[r,1,1,1,2,1,2]*DD[r,1,1]/r-8/81*dB[r,1,1,1,1,3,3]*DD[r,1,1]/r-16/81*dB[r,1,1,1,1,1,1]*DD[r,1,1]/r-1/
9*hb^2/La^2*B[r,1,2,1,1,3,3]*A[r,1,1,1,1,2]/r-1/54*hb^2/La^2*A[r,1,3,3,1,2]*B[r,1,2,1,1,3,3]/r-1/162*hb^2/La^2*A[r,1,3,
3,1,2]*B[r,1,1,3,1,3,1]/r-1/6*hb^2/La^2*A[r,1,1,1,1,2]*B[r,1,1,1,2,1,2]/r+16/81*hb^2/La^2*A[r,1,2,1,1,1]*B[r,1,1,3,3,1,
1]/r-5/162*hb^2/La^2*A[r,1,2,3,1,3]*B[r,1,1,3,3,3,3]/r-8/81*hb^2/La^2*A[r,1,2,1,1,1]*B[r,1,2,2,1,1,2]/r+11/54*hb^2/La^2
*A[r,1,1,1,1,2]*B[r,1,2,2,2,1,1]/r-1/81*hb^2/La^2*A[r,1,2,3,1,3]*B[r,1,2,1,1,3,3]/r+2/81*hb^2/La^2*B[r,1,2,3,3,1,1]*A[r
,1,3,2,3,1]/r-4/81*hb^2/La^2*A[r,1,2,1,1,1]*B[r,1,1,3,1,3,1]/r+4/81*hb^2/La^2*B[r,1,2,2,2,1,1]*A[r,1,2,3,3,1]/r+2/81*hb
^2/La^2*B[r,1,2,3,3,1,1]*dB[r,1,1,1,1,1,1]/r-2/81*hb^2/La^2*B[r,1,2,3,3,1,1]*dB[r,1,1,1,2,1,2]/r-2/81*hb^2/La^2*A[r,1,2
,3,1,3]*B[r,1,1,3,1,3,1]/r+4/81*hb^2/La^2*A[r,1,2,1,1,1]*B[r,1,1,1,3,1,3]/r-4/81*hb^2/La^2*A[r,1,2,3,1,3]*B[r,1,1,3,3,1
,1]/r-1/54*hb^2/La^2*A[r,1,3,3,1,2]*B[r,1,2,2,2,1,1]/r+20/81*hb^2/La^2*A[r,1,2,3,3,1]*B[r,1,1,1,1,1,1]/r-20/81*hb^2/La^
2*A[r,1,2,3,3,1]*B[r,1,1,1,2,1,2]/r-1/81*hb^2/La^2*B[r,1,1,3,1,3,1]*dB[r,1,1,3,3,3,3]/r-2/81*hb^2/La^2*B[r,1,1,1,3,1,3]
*dB[r,1,1,1,1,1,1]/r-1/81*hb^2/La^2*B[r,1,1,1,3,1,3]*dB[r,1,1,1,1,3,3]/r+1/27*hb^2/La^2*A[r,1,1,2,3,3]*B[r,1,2,1,2,1,2]
/r+1/81*hb^2/La^2*A[r,1,1,2,3,3]*B[r,1,2,2,1,1,2]/r+1/81*hb^2/La^2*B[r,1,2,1,3,1,3]*dB[r,1,1,1,1,3,3]/r+5/162*hb^2/La^2
*A[r,1,3,2,1,3]*B[r,1,2,1,2,1,2]/r+2/27*hb^2/La^2*B[r,1,1,1,1,3,3]*A[r,1,2,3,3,1]/r-1/54*hb^2/La^2*B[r,1,2,1,2,1,2]*dB[
r,1,1,1,1,3,3]/r-2/81*hb^2/La^2*A[r,1,3,2,1,3]*B[r,1,2,1,3,1,3]/r+4/81*hb^2/La^2*B[r,1,1,3,1,3,1]*A[r,1,2,3,3,1]/r-1/54
*dB[r,1,1,3,3,3,3]*hb^2/La^2*B[r,1,1,1,1,3,3]/r-4/81*dB[r,1,1,1,1,3,3]*hb^2/La^2*B[r,1,1,3,3,1,1]/r-5/162*dB[r,1,1,1,1,
3,3]*hb^2/La^2*B[r,1,1,3,3,3,3]/r-4/27*DD[r,3,3]*A[r,1,1,1,1,2]/r+4/27*A[r,1,3,3,1,2]*DD[r,1,1]/r+8/81*dB[r,1,1,1,1,1,1
]*DD[r,3,3]/r-8/81*dB[r,1,1,1,2,1,2]*DD[r,3,3]/r+4/81*dB[r,1,1,3,3,3,3]*DD[r,1,1]/r+4/81*dB[r,1,1,1,1,3,3]*DD[r,3,3]/r+
8/81*dB[r,1,1,3,3,1,1]*DD[r,1,1]/r-16/81*DD[r,1,1]*A[r,1,3,2,3,1]/r-5/162*hb^2/La^2*A[r,1,1,2,1,1]*B[r,1,2,3,3,1,1]/r+5
/162*hb^2/La^2*A[r,1,3,2,1,3]*B[r,1,1,3,1,3,1]/r-10/81*hb^2/La^2*A[r,1,2,3,1,3]*B[r,1,2,3,1,1,3]/r-5/81*hb^2/La^2*A[r,1
,3,2,1,3]*B[r,1,1,1,1,3,3]/r+7/162*hb^2/La^2*A[r,1,2,3,1,3]*B[r,1,2,2,1,1,2]/r+5/54*hb^2/La^2*A[r,1,1,1,1,2]*B[r,1,1,3,
3,3,3]/r-7/81*hb^2/La^2*A[r,1,3,3,1,2]*B[r,1,1,1,1,3,3]/r-1/6*hb^2/La^2*A[r,1,2,1,1,1]*B[r,1,1,1,1,3,3]/r-13/81*hb^2/La
^2*A[r,1,1,2,1,1]*B[r,1,1,1,1,3,3]/r-19/162*hb^2/La^2*A[r,1,2,1,1,1]*B[r,1,2,1,1,3,3]/r+2/27*hb^2/La^2*A[r,1,2,1,1,1]*B
[r,1,2,2,2,1,1]/r+5/162*hb^2/La^2*A[r,1,3,2,1,3]*B[r,1,2,1,1,3,3]/r+13/81*hb^2/La^2*A[r,1,2,1,1,1]*B[r,1,2,3,1,1,3]/r+5
/81*hb^2/La^2*B[r,1,1,1,1,3,3]*dB[r,1,1,1,1,3,3]/r-2/81*hb^2/La^2*B[r,1,2,2,2,1,1]*dB[r,1,1,3,3,1,1]/r-1/162*hb^2/La^2*
A[r,1,3,2,1,3]*B[r,1,2,3,3,1,1]/r)/M-17/162*hb^2/La^3*B[r,1,1,1,2,1,2]*B[r,1,1,3,3,1,1]-4/81*hb^2/La^3*B[r,1,1,1,3,1,3]
*B[r,1,1,1,2,1,2]+19/162*hb^2/La^3*B[r,1,1,1,1,1,1]*B[r,1,1,3,3,1,1]-1/216*hb^2/La^3*B[r,1,2,3,3,3,3]*B[r,1,1,1,1,3,3]-\
1/27*hb^2/La^3*B[r,1,2,1,3,1,3]*B[r,1,1,1,1,1,1]+4/81*hb^2/La^3*B[r,1,2,1,3,1,3]*B[r,1,1,1,2,1,2]-5/324*hb^2/La^3*B[r,1
,2,3,3,3,3]*B[r,1,1,1,1,1,1]+5/324*hb^2/La^3*B[r,1,2,3,3,3,3]*B[r,1,1,1,2,1,2]+5/216*hb^2/La^3*B[r,1,2,2,1,1,2]*B[r,1,1
,1,1,3,3]-1/324*hb^2/La^3*B[r,1,2,1,1,3,3]*B[r,1,2,1,3,1,3]+1/324*hb^2/La^3*B[r,1,2,3,3,3,3]*B[r,1,2,3,1,1,3]-1/162*hb^
2/La^3*B[r,1,2,1,1,3,3]*B[r,1,2,2,2,1,1]-1/648*hb^2/La^3*B[r,1,2,3,3,3,3]*B[r,1,2,1,1,3,3]+1/162*hb^2/La^3*B[r,1,2,3,1,
1,3]*B[r,1,2,1,3,1,3]-5/324*hb^2/La^3*B[r,1,2,2,1,1,2]*B[r,1,1,3,1,3,1]+1/27/La^3*hb^2*B[r,1,1,1,1,3,3]*B[r,1,1,3,3,1,1
]+8/81*La/hb^2*DD[r,1,1]*DD[r,3,3]+1/162*hb^2/La^3*B[r,1,2,3,3,1,1]*B[r,1,2,1,3,1,3]+1/162*hb^2/La^3*B[r,1,1,3,1,3,1]*B
[r,1,2,2,2,1,1]+1/108*hb^2/La^3*B[r,1,1,3,1,3,1]*B[r,1,2,1,2,1,2]-5/81*hb^2/La^3*B[r,1,2,1,3,1,3]*B[r,1,1,3,1,3,1]-1/81
*hb^2/La^3*B[r,1,2,1,1,3,3]*B[r,1,2,3,1,1,3]-1/54*hb^2/La^3*B[r,1,2,1,3,1,3]*B[r,1,2,2,2,1,1]+1/54*hb^2/La^3*B[r,1,2,1,
3,1,3]*B[r,1,2,2,1,1,2]+2/81*hb^2/La^3*B[r,1,2,3,1,1,3]*B[r,1,2,3,3,1,1]-5/324/La^3*B[r,1,2,3,3,1,1]*hb^2*B[r,1,1,1,1,3
,3]-19/162/La^3*B[r,1,2,1,1,3,3]*hb^2*B[r,1,1,1,1,1,1]+17/162/La^3*B[r,1,2,1,1,3,3]*hb^2*B[r,1,1,1,2,1,2]+5/162/La^3*B[
r,1,2,1,1,3,3]*hb^2*B[r,1,1,1,1,3,3]+13/162*hb^2/La^3*B[r,1,1,1,2,1,2]*B[r,1,1,1,1,1,1]+1/324*hb^2/La^3*B[r,1,2,3,3,3,3
]*B[r,1,2,2,1,1,2]-1/324*hb^2/La^3*B[r,1,2,3,3,3,3]*B[r,1,2,2,2,1,1]+1/54*hb^2/La^3*B[r,1,2,1,1,3,3]*B[r,1,1,3,1,3,1]+2
/81/La^3*B[r,1,2,2,1,1,2]*hb^2*B[r,1,1,3,3,1,1]+5/324/La^3*B[r,1,2,2,1,1,2]*hb^2*B[r,1,1,3,3,3,3]+1/108*hb^2/La^3*B[r,1
,2,2,1,1,2]*B[r,1,2,2,2,1,1]+7/324*hb^2/La^3*B[r,1,2,1,2,1,2]*B[r,1,2,2,2,1,1]-7/324*hb^2/La^3*B[r,1,2,1,2,1,2]*B[r,1,2
,2,1,1,2]-1/324*hb^2/La^3*B[r,1,1,1,1,1,1]*B[r,1,2,1,2,1,2]-13/108*hb^2/La^3*B[r,1,1,1,2,1,2]*B[r,1,2,1,2,1,2]+2/81*hb^
2/La^3*B[r,1,2,2,2,1,1]*B[r,1,1,1,1,1,1]-5/108*hb^2/La^3*B[r,1,2,2,1,1,2]*B[r,1,1,1,1,1,1]+5/324*hb^2/La^3*B[r,1,2,3,1,
1,3]*B[r,1,2,2,1,1,2]-1/162*hb^2/La^3*B[r,1,2,3,3,1,1]*B[r,1,1,1,3,1,3]-1/6*hb^2/La^3*B0[r,1,2,1,1]*B0[r,1,1,1,1]+1/162
*hb^2/La^3*B[r,1,2,3,3,1,1]*B[r,1,2,2,1,1,2]+1/216*hb^2/La^3*B[r,1,2,1,1,3,3]*B[r,1,2,1,2,1,2]-4/81*hb^2/La^3*B[r,1,2,2
,2,1,1]*B[r,1,1,1,2,1,2]-17/324*hb^2/La^3*B[r,1,2,2,1,1,2]*B[r,1,1,1,2,1,2]-5/81*hb^2/La^3*B[r,1,2,3,1,1,3]*B[r,1,1,1,3
,1,3]+1/81*hb^2/La^3*B[r,1,2,3,3,1,1]*B[r,1,1,3,3,1,1]-2/81*hb^2/La^3*B[r,1,2,3,1,1,3]*B[r,1,1,3,3,1,1]+2/81*hb^2/La^3*
B[r,1,1,3,1,3,1]*B[r,1,1,3,3,1,1]+1/162*hb^2/La^3*B[r,1,1,3,1,3,1]*B[r,1,1,1,3,1,3]-11/648*hb^2/La^3*B[r,1,2,1,1,3,3]*B
[r,1,2,2,1,1,2]-5/324*hb^2/La^3*B[r,1,2,3,1,1,3]*B[r,1,1,3,3,3,3]+1/72*hb^2/La^3*B[r,1,1,1,1,3,3]*B[r,1,2,1,2,1,2]+1/18
*hb^2/La^3*B[r,1,1,1,1,3,3]*B[r,1,2,2,2,1,1]-1/108*hb^2/La^3*B[r,1,2,1,3,1,3]*B[r,1,1,1,1,3,3]-1/324*hb^2/La^3*B[r,1,2,
3,3,3,3]*B[r,1,1,3,1,3,1]-1/162*hb^2/La^3*B[r,1,2,3,3,1,1]*B[r,1,2,2,2,1,1]+2/81*hb^2/La^3*B[r,1,2,3,3,3,3]*B[r,1,1,3,3
,3,3]+8/81/La*B[r,1,2,1,1,3,3]*DD[r,1,1]-8/81*La/hb^2*DD[r,1,1]^2-2/81/La*B[r,1,2,2,2,1,1]*DD[r,3,3]+2/81/La*B[r,1,2,3,
3,1,1]*DD[r,1,1]-8/81/La*DD[r,1,1]*B[r,1,1,1,2,1,2]+10/81/La*DD[r,1,1]*B[r,1,1,1,1,3,3]-2/81/La*B[r,1,1,1,3,1,3]*DD[r,1
,1]-8/81/La*DD[r,1,1]*B[r,1,1,3,3,1,1]-5/81/La*DD[r,1,1]*B[r,1,1,3,3,3,3]-10/81/La*B[r,1,1,1,1,1,1]*DD[r,3,3]+10/81/La*
B[r,1,1,1,2,1,2]*DD[r,3,3]-1/27/La*B[r,1,1,1,1,3,3]*DD[r,3,3]+2/81/La*B[r,1,2,1,3,1,3]*DD[r,1,1]-1/162*hb^2/La^3*B[r,1,
2,3,1,1,3]*B[r,1,2,2,2,1,1]-1/162*hb^2/La^3*B[r,1,2,3,3,3,3]*B[r,1,2,3,3,1,1]-1/108*hb^2/La^3*B[r,1,2,3,1,1,3]*B[r,1,2,
1,2,1,2]+1/324*hb^2/La^3*B[r,1,2,1,1,3,3]*B[r,1,1,1,3,1,3]+1/81/La^3*B[r,1,2,1,1,3,3]*hb^2*B[r,1,1,3,3,1,1]+5/648/La^3*
B[r,1,2,1,1,3,3]*hb^2*B[r,1,1,3,3,3,3]-25/324*hb^2/La^3*B[r,1,1,3,3,3,3]*B[r,1,1,1,2,1,2]+1/27*hb^2/La^3*B[r,1,1,1,3,1,
3]*B[r,1,1,1,1,1,1]+1/108*hb^2/La^3*B[r,1,1,1,3,1,3]*B[r,1,1,1,1,3,3]+5/162/La^3*B[r,1,2,3,3,1,1]*hb^2*B[r,1,1,3,3,3,3]
+5/216*hb^2/La^3*B[r,1,1,3,3,3,3]*B[r,1,1,1,1,3,3]+5/324*hb^2/La^3*B[r,1,1,3,1,3,1]*B[r,1,1,3,3,3,3]+25/324*hb^2/La^3*B
[r,1,1,3,3,3,3]*B[r,1,1,1,1,1,1]+5/162*hb^2/La^3*B[r,1,1,3,3,3,3]*B[r,1,2,1,2,1,2]-5/81/La^3*B[r,1,2,3,3,3,3]*hb^2*B[r,
1,1,3,3,1,1]+8/81*hb^2/La^3*B[r,1,2,1,3,1,3]*B[r,1,1,1,3,1,3]+1/81/La^3*B[r,1,2,1,3,1,3]*hb^2*B[r,1,1,3,3,1,1]+1/81*hb^
2/La^3*B[r,1,2,1,2,1,2]*B[r,1,1,1,3,1,3]+4/81*hb^2/La^3*B[r,1,1,3,3,1,1]*B[r,1,2,1,2,1,2]+1/6*hb^2/La^3*B0[r,1,2,3,3]*
B0[r,1,1,3,3]+4/81/La*B[r,1,2,3,3,3,3]*DD[r,3,3]-1/12*hb^2/La^2*B0[r,1,2,3,3]-4/81/La*B[r,1,2,1,2,1,2]*DD[r,3,3]-2/81/
La*B[r,1,1,3,1,3,1]*DD[r,3,3]+1/12*hb^2/La^2*B0[r,1,2,1,1]+2/81/La*B[r,1,2,3,1,1,3]*DD[r,3,3]-8/81/La*DD[r,1,1]*B[r,1,2
,2,2,1,1]-1/27/La*DD[r,1,1]*B[r,1,2,1,2,1,2]-1/81/La*DD[r,1,1]*B[r,1,2,2,1,1,2]+1/81/La*B[r,1,2,3,3,3,3]*DD[r,1,1]-1/81
/La*B[r,1,2,1,1,3,3]*DD[r,3,3]-4/81/La*B[r,1,2,3,3,1,1]*DD[r,3,3]
