-1/648*hb^2/La^3*B[r,1,2,1,1,3,3]*B[r,1,2,3,3,1,1]+1/972*hb^2/La^3*B[r,1,2,2,1,1,2]*B[r,1,1,1,3,1,3]+1/972*hb^2/La^3*B[
r,1,2,2,2,1,1]*B[r,1,1,1,3,1,3]-1/36*hb^2/La^3*B[r,1,1,1,1,3,3]*B[r,1,1,1,1,1,1]+35/972*hb^2/La^3*B[r,1,1,1,1,3,3]*B[r,
1,1,1,2,1,2]+5/324/La^3*B[r,1,2,3,1,1,3]*hb^2*B[r,1,1,1,2,1,2]-1/486/La^3*B[r,1,2,3,1,1,3]*hb^2*B[r,1,1,1,1,3,3]-19/972
*hb^2/La^3*B[r,1,2,3,1,1,3]*B[r,1,1,3,1,3,1]-7/648/La^3*B[r,1,2,2,2,1,1]*hb^2*B[r,1,1,3,3,3,3]+1/162/La^3*B[r,1,2,3,3,1
,1]*hb^2*B[r,1,1,1,1,1,1]+2/81/La^3*B[r,1,2,3,3,1,1]*hb^2*B[r,1,1,1,2,1,2]+13/324/La^3*B[r,1,1,3,1,3,1]*hb^2*B[r,1,1,1,
1,1,1]-5/972/La^3*B[r,1,1,3,1,3,1]*hb^2*B[r,1,1,1,2,1,2]+1/108/La^3*B[r,1,1,3,1,3,1]*hb^2*B[r,1,1,1,1,3,3]-1/243/La^3*B
[r,1,2,2,2,1,1]*hb^2*B[r,1,1,3,3,1,1]-1/108/La^3*B[r,1,2,3,1,1,3]*hb^2*B[r,1,1,1,1,1,1]-1/27*hb^2/La^2*B[r,1,1,1,3,1,3]
+4/243/La*B[r,1,2,1,3,1,3]*DD[r,3,3]+89/1944*hb^2/La^3*B[r,1,1,1,1,1,1]^2+11/432*hb^2/La^3*B[r,1,2,1,1,3,3]^2+1/1944*hb
^2/La^3*B[r,1,1,3,1,3,1]^2+31/3888*hb^2/La^3*B[r,1,1,1,1,3,3]^2-1/324*hb^2/La^3*B[r,1,2,2,1,1,2]^2-1/648*hb^2/La^3*B[r,
1,2,3,1,1,3]^2+13/648*hb^2/La^3*B[r,1,2,2,2,1,1]^2-5/648*hb^2/La^3*B[r,1,1,1,2,1,2]^2-1/648*hb^2/La^3*B[r,1,2,3,3,1,1]^
2+8/81/La*DD[r,1,1]*B[r,1,1,1,1,1,1]-1/81/La*B[r,1,2,2,1,1,2]*DD[r,3,3]-2/81/La*B[r,1,2,3,1,1,3]*DD[r,1,1]+(-1/27*hb^2/
La^2*dB0[r,1,1,1,1]*dB[r,1,1,1,1,3,3]+1/54*hb^2/La^2*A[r,1,1,2,3,3]*dB[r,1,2,1,3,1,3]+1/54*hb^2/La^2*dB0[r,1,1,3,3]*dB[
r,1,1,1,1,3,3]+1/27*hb^2/La^2*A[r,1,3,2,1,3]*A[r,1,2,1,1,1]+2/27*hb^2/La^2*dA[r,1,3,2,3,1]*B0[r,1,2,1,1]+2/27*hb^2/La^2
*A[r,1,3,2,3,1]*dB0[r,1,2,1,1]+1/27*hb^2/La^2*dB0[r,1,1,3,3]*dB[r,1,1,3,3,1,1]-1/54*hb^2/La^2*ddB0[r,1,2,3,3]*B[r,1,2,3
,3,3,3]-1/27*hb^2/La^2*B0[r,1,1,1,1]*ddB[r,1,1,3,3,1,1]-1/27*hb^2/La^2*ddB0[r,1,1,1,1]*B[r,1,1,3,3,1,1]-1/54*hb^2/La^2*
B0[r,1,1,3,3]*ddB[r,1,1,3,3,3,3]-1/54*hb^2/La^2*ddB0[r,1,1,3,3]*B[r,1,1,3,3,3,3]-2/27*hb^2/La^2*dB0[r,1,2,1,1]*dB[r,1,2
,3,3,1,1]-1/27*hb^2/La^2*B0[r,1,2,1,1]*ddB[r,1,2,3,3,1,1]-1/27*hb^2/La^2*ddB0[r,1,2,1,1]*B[r,1,2,3,3,1,1]+1/27*hb^2/La^
2*dB0[r,1,1,1,1]*dB[r,1,1,3,3,3,3]-1/54*hb^2/La^2*dB0[r,1,1,3,3]*dB[r,1,1,3,3,3,3]-1/27*hb^2/La^2*dB0[r,1,2,3,3]*dB[r,1
,2,3,3,3,3]-1/54*hb^2/La^2*B0[r,1,2,3,3]*ddB[r,1,2,3,3,3,3]+16/27*hb^2/La^2*B0[r,1,1,1,1]*C[r,3,3,1,1]-4/243*hb^2/La^2*
C[r,3,3,3,3]*B[r,1,2,1,3,1,3]+29/108*hb^2/La^2*A[r,1,3,3,1,2]*A0[r,1,1,2]-20/243*hb^2/La^2*B[r,1,1,1,1,3,3]*C[r,1,1,1,1
]+19/486*ddB[r,1,1,1,1,1,1]*hb^2/La^2*B[r,1,1,1,1,3,3]+707/17496*hb^2/La^2*dB[r,1,2,1,2,1,2]*dB[r,1,2,2,1,1,2]+1/54*hb^
2/La^2*B[r,1,2,1,2,1,2]*ddB[r,1,2,2,1,1,2]+1/54*hb^2/La^2*B[r,1,2,2,1,1,2]*ddB[r,1,2,1,2,1,2]+17/17496*hb^2/La^2*dB[r,1
,2,1,1,3,3]*dB[r,1,2,3,3,1,1]-1/27*hb^2/La^2*B[r,1,2,2,2,1,1]*ddB[r,1,2,2,2,1,1]+17/2187*dB[r,1,2,3,3,1,1]*hb^2/La^2*dB
[r,1,1,1,1,1,1]-17/4374*dB[r,1,2,3,3,1,1]*hb^2/La^2*dB[r,1,1,1,2,1,2]+35/5832*dB[r,1,2,3,3,1,1]*hb^2/La^2*dB[r,1,1,1,1,
3,3]-13/1458*dB[r,1,2,2,2,1,1]*hb^2/La^2*dB[r,1,1,3,3,1,1]-85/17496*dB[r,1,2,2,2,1,1]*hb^2/La^2*dB[r,1,1,3,3,3,3]+257/
2916*hb^2/La^2*dB[r,1,1,1,1,3,3]*dB[r,1,1,1,1,1,1]-205/2916*hb^2/La^2*dB[r,1,1,1,1,3,3]*dB[r,1,1,1,2,1,2]-8/729*dB[r,1,
2,3,1,1,3]*hb^2/La^2*dB[r,1,1,1,1,3,3]+1/81*hb^2/La^2*B[r,1,1,1,1,1,1]*C[r,1,1,3,3]+7/162*hb^2/La^2*A[r,1,1,2,3,3]*dB[r
,1,1,3,1,3,1]+23/486*hb^2/La^2*A[r,1,3,2,3,1]*dB[r,1,1,1,1,3,3]-1/54*hb^2/La^2*A[r,1,1,2,3,3]*dB[r,1,1,1,1,1,1]-1/486*
hb^2/La^2*A[r,1,1,2,3,3]*dB[r,1,1,1,2,1,2]+1/162*hb^2/La^2*B[r,1,2,3,3,1,1]*dA[r,1,3,2,3,1]-1/162*hb^2/La^2*B[r,1,2,2,2
,1,1]*ddB[r,1,1,3,3,1,1]+23/8748*dB[r,1,2,1,1,3,3]*hb^2/La^2*dB[r,1,1,1,1,1,1]+11/8748*dB[r,1,2,1,1,3,3]*hb^2/La^2*dB[r
,1,1,1,2,1,2]+7/2916*dB[r,1,2,1,1,3,3]*hb^2/La^2*dB[r,1,1,1,1,3,3]+5/54*hb^2/La^2*A[r,1,1,2,1,1]*A[r,1,1,1,1,2]-707/
17496*hb^2/La^2*dB[r,1,2,2,2,1,1]*dB[r,1,2,1,2,1,2]-71/1944*hb^2/La^2*dB[r,1,2,2,2,1,1]*dB[r,1,2,2,1,1,2]-1/54*hb^2/La^
2*B[r,1,2,2,2,1,1]*ddB[r,1,2,1,2,1,2]-1/54*hb^2/La^2*B[r,1,2,2,2,1,1]*ddB[r,1,2,2,1,1,2]-2/81*hb^2/La^2*B[r,1,2,3,1,1,3
]*dA[r,1,1,2,3,3]-2/81*hb^2/La^2*B[r,1,2,2,1,1,2]*dA[r,1,2,3,3,1]-10/243*hb^2/La^2*B[r,1,1,1,1,3,3]*C[r,1,1,3,3]-13/
1458*dB[r,1,2,2,1,1,2]*hb^2/La^2*dB[r,1,1,3,3,1,1]-85/17496*dB[r,1,2,2,1,1,2]*hb^2/La^2*dB[r,1,1,3,3,3,3]-2/81*hb^2/La^
2*B[r,1,2,2,2,1,1]*dA[r,1,2,3,3,1]+1/486*hb^2/La^2*A[r,1,1,2,3,3]*dB[r,1,2,1,1,3,3]+2/81*hb^2/La^2*C[r,1,1,1,1]*B[r,1,1
,1,1,1,1]+2/81*hb^2/La^2*C[r,1,1,1,1]*B[r,1,1,1,2,1,2]-2/81*hb^2/La^2*B[r,1,1,1,1,1,1]*C[r,1,2,1,2]-1/324*hb^2/La^2*B[r
,1,2,2,1,1,2]*ddB[r,1,1,3,3,3,3]+1/81*hb^2/La^2*B[r,1,2,3,1,1,3]*ddB[r,1,1,1,2,1,2]-4/81*hb^2/La^2*C[r,3,3,1,1]*B[r,1,2
,2,2,1,1]-1/54*hb^2/La^2*B[r,1,2,1,1,3,3]*ddB[r,1,2,1,1,3,3]-1/81*hb^2/La^2*B[r,1,1,1,1,1,1]*ddB[r,1,1,1,2,1,2]+1/81*hb
^2/La^2*ddB[r,1,1,1,1,1,1]*B[r,1,1,1,2,1,2]+5/81*hb^2/La^2*B[r,1,1,1,2,1,2]*ddB[r,1,1,1,2,1,2]-1/81*hb^2/La^2*C[r,1,1,3
,3]*B[r,1,2,3,3,1,1]-4/81*hb^2/La^2*C[r,3,3,1,1]*B[r,1,2,2,1,1,2]-2/81*hb^2/La^2*C[r,3,3,3,3]*B[r,1,2,2,1,1,2]-2/81*hb^
2/La^2*B[r,1,2,3,1,1,3]*C[r,1,1,1,1]-2/81*hb^2/La^2*B[r,1,1,1,2,1,2]*C[r,1,2,1,2]+2/81*hb^2/La^2*B[r,1,2,3,3,1,1]*C[r,1
,2,1,2]-1/162*hb^2/La^2*A[r,1,3,2,3,1]*dB[r,1,2,1,1,3,3]-7/8748*hb^2/La^2*dB[r,1,2,2,1,1,2]*dB[r,1,1,1,3,1,3]-5/486*hb^
2/La^2*A[r,1,3,2,3,1]*dB[r,1,1,3,1,3,1]-1/8748*hb^2/La^2*dB[r,1,2,1,1,3,3]*dB[r,1,1,3,1,3,1]-13/4374*hb^2/La^2*dB[r,1,2
,1,1,3,3]*dB[r,1,2,3,1,1,3]-1/162*hb^2/La^2*B[r,1,2,3,3,1,1]*dA[r,1,1,2,3,3]-1/81*hb^2/La^2*C[r,1,1,3,3]*B[r,1,2,3,1,1,
3]+13/486*hb^2/La^2*A[r,1,3,2,3,1]*dB[r,1,1,1,1,1,1]-13/162*hb^2/La^2*A[r,1,3,2,3,1]*dB[r,1,1,1,2,1,2]-1/81*hb^2/La^2*B
[r,1,2,3,1,1,3]*dA[r,1,3,2,3,1]-1/162*hb^2/La^2*B[r,1,2,3,1,1,3]*ddB[r,1,1,1,1,3,3]+1/81*hb^2/La^2*C[r,1,1,3,3]*B[r,1,1
,1,2,1,2]-1/324*hb^2/La^2*B[r,1,2,2,2,1,1]*ddB[r,1,1,3,3,3,3]-5/4374*hb^2/La^2*dB[r,1,2,3,3,1,1]*dB[r,1,1,3,1,3,1]+11/
8748*hb^2/La^2*dB[r,1,2,3,1,1,3]*dB[r,1,1,3,1,3,1]+1/324*hb^2/La^2*B[r,1,2,3,3,1,1]*ddB[r,1,1,1,1,3,3]-1/486*hb^2/La^2*
B[r,1,1,1,1,3,3]*dA[r,1,1,2,3,3]+20/243*hb^2/La^2*B[r,1,1,1,1,3,3]*C[r,1,2,1,2]-191/8748*hb^2/La^2*dB[r,1,1,1,1,1,1]*dB
[r,1,1,1,2,1,2]+2/81*ddB[r,1,1,1,1,3,3]*hb^2/La^2*B[r,1,1,1,1,1,1]-1/81*ddB[r,1,1,1,1,3,3]*hb^2/La^2*B[r,1,1,1,2,1,2]-\
37/17496*hb^2/La^2*dB[r,1,2,3,3,3,3]*dB[r,1,2,2,1,1,2]-11/162*hb^2/La^2*dA[r,1,2,3,3,1]*B[r,1,1,1,2,1,2]+5/972*hb^2/La^
2*dA[r,1,1,2,3,3]*B[r,1,2,1,2,1,2]-5/972*hb^2/La^2*dA[r,1,1,2,3,3]*B[r,1,2,2,1,1,2]-5/972*hb^2/La^2*B[r,1,2,2,1,1,2]*
ddB[r,1,1,1,2,1,2]+2/81*ddB[r,1,1,3,3,1,1]*hb^2/La^2*B[r,1,1,1,2,1,2]-1/108*ddB[r,1,1,3,3,1,1]*hb^2/La^2*B[r,1,1,1,1,3,
3]-5/486*ddB[r,1,1,1,1,1,1]*hb^2/La^2*B[r,1,1,3,3,1,1]-5/324*ddB[r,1,1,1,1,1,1]*hb^2/La^2*B[r,1,1,3,3,3,3]+5/486*ddB[r,
1,1,1,2,1,2]*hb^2/La^2*B[r,1,1,3,3,1,1]+5/324*ddB[r,1,1,1,2,1,2]*hb^2/La^2*B[r,1,1,3,3,3,3]-1/324*hb^2/La^2*B[r,1,1,3,1
,3,1]*ddB[r,1,1,3,3,3,3]-1/486*hb^2/La^2*B[r,1,1,1,3,1,3]*ddB[r,1,1,1,1,1,1]-13/1458*dB[r,1,1,3,1,3,1]*hb^2/La^2*dB[r,1
,1,3,3,1,1]-85/17496*dB[r,1,1,3,1,3,1]*hb^2/La^2*dB[r,1,1,3,3,3,3]+1/81*C[r,1,2,1,2]*hb^2/La^2*B[r,1,1,3,3,3,3]+5/324*
hb^2/La^2*A[r,1,2,3,3,1]*dB[r,1,1,1,1,3,3]-1/162*hb^2/La^2*B[r,1,1,3,1,3,1]*dA[r,1,2,3,3,1]+7/243*C[r,3,3,1,1]*hb^2/La^
2*B[r,1,1,1,1,1,1]-11/81*C[r,3,3,1,1]*hb^2/La^2*B[r,1,1,1,2,1,2]+38/2187*hb^2/La^2*dB[r,1,2,3,3,1,1]*dB[r,1,2,1,2,1,2]+
85/4374*hb^2/La^2*dB[r,1,2,3,3,1,1]*dB[r,1,2,2,1,1,2]+1/324*hb^2/La^2*dB[r,1,2,3,1,1,3]*dB[r,1,2,2,2,1,1]+31/17496*hb^2
/La^2*dB[r,1,2,3,1,1,3]*dB[r,1,2,1,2,1,2]-5/17496*hb^2/La^2*dB[r,1,2,3,1,1,3]*dB[r,1,2,2,1,1,2]-1/972*hb^2/La^2*B[r,1,1
,1,3,1,3]*ddB[r,1,1,1,1,3,3]-1/243*hb^2/La^2*ddB[r,1,1,1,1,1,1]*B[r,1,2,2,2,1,1]-14/243*hb^2/La^2*B[r,1,2,1,2,1,2]*C[r,
1,2,1,2]-16/243*hb^2/La^2*B[r,1,1,1,3,1,3]*C[r,1,1,1,1]+16/243*hb^2/La^2*B[r,1,1,1,3,1,3]*C[r,1,2,1,2]-1/243*hb^2/La^2*
A[r,1,2,3,3,1]*dB[r,1,2,3,3,1,1]-2/81*hb^2/La^2*A[r,1,3,2,3,1]*dB[r,1,2,2,2,1,1]+1/108*hb^2/La^2*B[r,1,2,3,3,1,1]*ddB[r
,1,2,1,2,1,2]+1/108*hb^2/La^2*B[r,1,2,3,3,1,1]*ddB[r,1,2,2,1,1,2]+1/54*hb^2/La^2*B[r,1,2,2,2,1,1]*ddB[r,1,2,3,3,1,1]-1/
27*hb^2/La^2*A[r,1,3,2,3,1]*dB0[r,1,1,1,1]-1/27*hb^2/La^2*A[r,1,2,3,3,1]*A[r,1,1,2,3,3]-1/54*hb^2/La^2*A[r,1,2,3,1,3]*A
[r,1,1,2,1,1]+1/54*hb^2/La^2*B0[r,1,1,3,3]*ddB[r,1,1,1,1,3,3]+1/54*hb^2/La^2*ddB0[r,1,1,3,3]*B[r,1,1,1,1,3,3]+1/27*hb^2
/La^2*dB0[r,1,2,1,1]*dB[r,1,2,1,2,1,2]-1/27*hb^2/La^2*dA[r,1,1,2,3,3]*B0[r,1,1,3,3]+1/27*hb^2/La^2*dA[r,1,3,2,3,1]*B0[r
,1,1,1,1]+1/27*hb^2/La^2*dB0[r,1,2,3,3]*dB[r,1,2,1,1,3,3]+1/54*hb^2/La^2*B0[r,1,2,3,3]*ddB[r,1,2,1,1,3,3]+1/54*hb^2/La^
2*ddB0[r,1,2,3,3]*B[r,1,2,1,1,3,3]+1/27*hb^2/La^2*A[r,1,3,3,1,2]*A[r,1,1,2,1,1]-1/54*hb^2/La^2*B[r,1,1,1,3,1,3]*ddB[r,1
,1,3,1,3,1]-1/54*hb^2/La^2*B[r,1,1,3,1,3,1]*ddB[r,1,1,1,3,1,3]-4/27*hb^2/La^2*B0[r,1,1,1,1]*C[r,1,1,3,3]-4/27*hb^2/La^2
*B0[r,1,1,3,3]*C[r,1,1,3,3]+8/27*hb^2/La^2*B0[r,1,2,1,1]*C[r,3,3,1,1]+8/27*hb^2/La^2*B0[r,1,2,3,3]*C[r,1,1,1,1]+4/27*hb
^2/La^2*B0[r,1,2,1,1]*C[r,3,3,3,3]+4/27*hb^2/La^2*B0[r,1,2,3,3]*C[r,1,1,3,3]-8/27*hb^2/La^2*B0[r,1,1,1,1]*C[r,1,1,1,1]-\
8/27*hb^2/La^2*B0[r,1,1,3,3]*C[r,1,1,1,1]+17/486*hb^2/La^2*dB[r,1,2,3,3,1,1]*dB[r,1,2,2,2,1,1]+1/54*hb^2/La^2*B[r,1,2,3
,3,1,1]*ddB[r,1,2,2,2,1,1]+2/243*hb^2/La^2*B[r,1,2,1,3,1,3]*ddB[r,1,1,3,3,1,1]-4/243*hb^2/La^2*B[r,1,2,1,3,1,3]*dA[r,1,
2,3,3,1]+1/243*hb^2/La^2*B[r,1,2,1,3,1,3]*ddB[r,1,1,3,3,3,3]+1/27*hb^2/La^2*B0[r,1,1,1,1]*ddB[r,1,1,1,1,1,1]-1/27*hb^2/
La^2*B0[r,1,1,1,1]*ddB[r,1,1,1,2,1,2]+1/27*hb^2/La^2*ddB0[r,1,1,1,1]*B[r,1,1,1,1,1,1]-1/27*hb^2/La^2*ddB0[r,1,1,1,1]*B[
r,1,1,1,2,1,2]-8/27*hb^2/La^2*B0[r,1,2,3,3]*C[r,1,2,1,2]+8/27*hb^2/La^2*B0[r,1,1,1,1]*C[r,1,2,1,2]+8/27*hb^2/La^2*B0[r,
1,1,3,3]*C[r,1,2,1,2]-1/486*hb^2/La^2*dB[r,1,2,1,1,3,3]*dB[r,1,2,2,2,1,1]-8/243*hb^2/La^2*C[r,3,3,1,1]*B[r,1,2,1,3,1,3]
+8/27*hb^2/La^2*B0[r,1,1,1,1]*C[r,3,3,3,3]-16/27*hb^2/La^2*B0[r,1,2,1,1]*C[r,1,1,1,1]-8/27*hb^2/La^2*B0[r,1,2,1,1]*C[r,
1,1,3,3]-2/27*hb^2/La^2*A[r,1,2,3,3,1]*dB0[r,1,1,3,3]+26/243*hb^2/La^2*B[r,1,1,3,1,3,1]*C[r,1,1,1,1]-26/243*hb^2/La^2*B
[r,1,1,3,1,3,1]*C[r,1,2,1,2]-1/243*hb^2/La^2*B[r,1,1,3,1,3,1]*ddB[r,1,1,1,1,3,3]-2/243*hb^2/La^2*B[r,1,1,3,1,3,1]*dA[r,
1,3,2,3,1]+11/243*hb^2/La^2*B[r,1,1,3,1,3,1]*dA[r,1,1,2,3,3]-1/243*hb^2/La^2*A[r,1,2,3,3,1]*dB[r,1,2,3,3,3,3]-2/243*hb^
2/La^2*C[r,3,3,3,3]*B[r,1,2,3,3,3,3]-1/162*hb^2/La^2*B[r,1,2,1,2,1,2]*ddB[r,1,1,3,3,3,3]+1/2187*hb^2/La^2*dB[r,1,2,1,3,
1,3]*dB[r,1,1,1,3,1,3]+1/18*hb^2/La^2*A[r,1,2,3,1,3]*A[r,1,3,2,1,3]-4/243*hb^2/La^2*C[r,3,3,1,1]*B[r,1,2,3,3,3,3]+1/486
*hb^2/La^2*B[r,1,2,3,3,3,3]*ddB[r,1,1,3,3,3,3]+5/4374*hb^2/La^2*dB[r,1,2,3,3,3,3]*dB[r,1,1,1,3,1,3]-1/162*hb^2/La^2*C[r
,3,3,3,3]*B[r,1,1,3,1,3,1]-2/243*hb^2/La^2*A[r,1,2,3,3,1]*dB[r,1,1,3,1,3,1]+5/972*hb^2/La^2*A[r,1,2,3,3,1]*dB[r,1,2,1,1
,3,3]+4/243*hb^2/La^2*A[r,1,3,2,3,1]*dB[r,1,1,1,3,1,3]-73/1458*hb^2/La^2*dB[r,1,1,3,3,1,1]*dB[r,1,1,1,1,1,1]+89/1458*hb
^2/La^2*dB[r,1,1,3,3,1,1]*dB[r,1,1,1,2,1,2]-31/972*hb^2/La^2*dB[r,1,1,3,3,1,1]*dB[r,1,1,1,1,3,3]-799/17496*hb^2/La^2*dB
[r,1,1,3,3,3,3]*dB[r,1,1,1,1,1,1]+899/17496*hb^2/La^2*dB[r,1,1,3,3,3,3]*dB[r,1,1,1,2,1,2]+23/11664*hb^2/La^2*dB[r,1,1,3
,3,3,3]*dB[r,1,1,1,1,3,3]+1/486*hb^2/La^2*B[r,1,1,1,3,1,3]*ddB[r,1,1,1,2,1,2]-1/486*hb^2/La^2*B[r,1,2,2,2,1,1]*ddB[r,1,
1,1,1,3,3]+5/972*hb^2/La^2*B[r,1,2,2,1,1,2]*ddB[r,1,1,1,1,1,1]+1/648*hb^2/La^2*B[r,1,2,3,3,3,3]*ddB[r,1,1,1,1,3,3]+1/
324*hb^2/La^2*B[r,1,2,3,3,3,3]*ddB[r,1,1,1,1,1,1]-1/324*hb^2/La^2*B[r,1,2,3,3,3,3]*ddB[r,1,1,1,2,1,2]-13/34992*hb^2/La^
2*dB[r,1,2,1,1,3,3]*dB[r,1,2,2,1,1,2]+1/324*hb^2/La^2*B[r,1,2,3,3,3,3]*dA[r,1,3,2,3,1]+1/324*hb^2/La^2*B[r,1,1,3,3,3,3]
*dA[r,1,3,2,3,1]+1/162*hb^2/La^2*B[r,1,2,3,1,1,3]*dA[r,1,2,3,3,1]+5/972*hb^2/La^2*A[r,1,3,2,3,1]*dB[r,1,2,3,3,3,3]+5/
17496*hb^2/La^2*dB[r,1,2,2,1,1,2]*dB[r,1,1,3,1,3,1]-68/2187/hb^2*La^2*dDD[r,3,3]*dDD[r,1,1]+4/243*hb^2/La^2*B[r,1,1,1,3
,1,3]*dA[r,1,3,2,3,1]-8/243*hb^2/La^2*C[r,1,1,3,3]*B[r,1,1,1,3,1,3]-17/17496*hb^2/La^2*dB[r,1,2,3,3,3,3]*dB[r,1,2,3,1,1
,3]+2/2187*hb^2/La^2*dB[r,1,2,3,3,1,1]*dB[r,1,2,1,3,1,3]-331/8748*hb^2/La^2*dB[r,1,2,3,1,1,3]*dB[r,1,2,1,3,1,3]+5/243*C
[r,1,1,3,3]*hb^2/La^2*B[r,1,1,3,3,1,1]+1/243*hb^2/La^2*B[r,1,2,2,2,1,1]*ddB[r,1,1,1,2,1,2]-1/729*dB[r,1,2,3,3,1,1]*hb^2
/La^2*dB[r,1,1,3,3,1,1]-5/4374*dB[r,1,2,3,3,1,1]*hb^2/La^2*dB[r,1,1,3,3,3,3]-1/324*hb^2/La^2*B[r,1,2,1,1,3,3]*ddB[r,1,1
,3,3,1,1]-1/162*C[r,1,1,3,3]*hb^2/La^2*B[r,1,1,3,3,3,3]+13/243*hb^2/La^2*B[r,1,2,2,1,1,2]*C[r,1,1,1,1]-13/243*hb^2/La^2
*B[r,1,2,2,1,1,2]*C[r,1,2,1,2]+14/243*hb^2/La^2*C[r,1,1,1,1]*B[r,1,2,1,2,1,2]+13/243*hb^2/La^2*B[r,1,2,2,2,1,1]*C[r,1,1
,1,1]-13/243*hb^2/La^2*B[r,1,2,2,2,1,1]*C[r,1,2,1,2]+13/486*hb^2/La^2*C[r,1,1,3,3]*B[r,1,2,2,1,1,2]+7/243*hb^2/La^2*C[r
,1,1,3,3]*B[r,1,2,1,2,1,2]-1/81*hb^2/La^2*A[r,1,3,2,3,1]*dB[r,1,1,3,3,1,1]-23/243*hb^2/La^2*A[r,1,2,3,3,1]*dB[r,1,1,1,2
,1,2]+2/81*hb^2/La^2*B[r,1,2,3,3,3,3]*C[r,1,1,1,1]-2/81*hb^2/La^2*B[r,1,2,3,3,3,3]*C[r,1,2,1,2]+2/81*DD[r,3,3]*dA[r,1,3
,2,3,1]+2/243*dDD[r,1,1]*dB[r,1,2,2,2,1,1]+31/4374*dDD[r,1,1]*dB[r,1,2,1,2,1,2]-23/4374*dDD[r,1,1]*dB[r,1,2,2,1,1,2]+95
/2187*dDD[r,3,3]*dB[r,1,1,1,1,1,1]-115/2187*dDD[r,3,3]*dB[r,1,1,1,2,1,2]-14/2187*dB[r,1,2,3,3,3,3]*dDD[r,3,3]+4/2187*dB
[r,1,2,3,3,1,1]*dDD[r,3,3]-8/81*C[r,3,3,1,1]*DD[r,1,1]-8/81*C[r,1,1,1,1]*DD[r,3,3]+8/81*C[r,1,2,1,2]*DD[r,3,3]+17/4374*
dB[r,1,2,1,1,3,3]*dDD[r,3,3]-17/4374*dB[r,1,2,3,3,3,3]*dDD[r,1,1]+17/1458*dDD[r,3,3]*dB[r,1,1,1,1,3,3]+26/729*dB[r,1,1,
3,3,1,1]*dDD[r,1,1]+85/4374*dB[r,1,1,3,3,3,3]*dDD[r,1,1]+1/81*ddB[r,1,1,3,3,3,3]*DD[r,1,1]+1/81*ddB[r,1,1,1,1,3,3]*DD[r
,3,3]-2/81*DD[r,3,3]*dA[r,1,1,2,3,3]-4/81*C[r,3,3,3,3]*DD[r,1,1]-4/81*C[r,1,1,3,3]*DD[r,3,3]+2/81*ddB[r,1,1,3,3,1,1]*DD
[r,1,1]+2/81*ddB[r,1,1,1,1,1,1]*DD[r,3,3]-2/81*ddB[r,1,1,1,2,1,2]*DD[r,3,3]-2/243*hb^2/La^2*B[r,1,1,3,1,3,1]*ddB[r,1,1,
1,1,1,1]-5/18*hb^2/La^2*A0[r,1,1,2]*A[r,1,1,1,1,2]-5/27*hb^2/La^2*A0[r,1,1,2]*A[r,1,2,1,1,1]-1/6*hb^2/La^2*A[r,1,1,2,1,
1]*A0[r,1,1,2]-1/108*hb^2/La^2*A[r,1,3,2,1,3]*A0[r,1,1,2]-1/9*hb^2/La^2*A[r,1,3,3,1,2]*A[r,1,1,1,1,2]+1/54*hb^2/La^2*A[
r,1,2,3,1,3]*A[r,1,1,1,1,2]+2/243*hb^2/La^2*B[r,1,1,3,1,3,1]*ddB[r,1,1,1,2,1,2]-1/27*hb^2/La^2*A[r,1,3,2,3,1]*A[r,1,1,2
,3,3]+13/243*hb^2/La^2*C[r,1,1,3,3]*B[r,1,1,3,1,3,1]+1/108*hb^2/La^2*ddB[r,1,2,3,3,1,1]*B[r,1,2,1,2,1,2]+1/108*hb^2/La^
2*ddB[r,1,2,3,3,1,1]*B[r,1,2,2,1,1,2]-1/54*hb^2/La^2*B[r,1,2,1,3,1,3]*ddB[r,1,2,3,1,1,3]-1/54*hb^2/La^2*B[r,1,2,3,1,1,3
]*ddB[r,1,2,1,3,1,3]+2/27*hb^2/La^2*A[r,1,1,2,3,3]*dB0[r,1,1,1,1]+1/27*hb^2/La^2*A[r,1,1,2,3,3]*dB[r,1,1,3,3,1,1]+1/54*
hb^2/La^2*ddB0[r,1,2,1,1]*B[r,1,2,2,1,1,2]+1/27*hb^2/La^2*ddB0[r,1,2,1,1]*B[r,1,2,2,2,1,1]+1/27*hb^2/La^2*dB0[r,1,1,3,3
]*dB[r,1,1,1,2,1,2]-1/54*hb^2/La^2*A[r,1,1,2,3,3]*dB[r,1,1,1,3,1,3]+1/54*hb^2/La^2*A[r,1,3,2,1,3]*A[r,1,1,2,1,1]+16/27*
hb^2/La^2*B0[r,1,2,1,1]*C[r,1,2,1,2]+1/81*hb^2/La^2*C[r,3,3,1,1]*B[r,1,2,1,1,3,3]-1/162*hb^2/La^2*A[r,1,1,2,3,3]*dB[r,1
,2,2,1,1,2]-1/162*hb^2/La^2*A[r,1,1,2,3,3]*dB[r,1,2,2,2,1,1]-5/1944*hb^2/La^2*B[r,1,2,1,2,1,2]*ddB[r,1,1,1,1,3,3]+1/162
*hb^2/La^2*B[r,1,2,3,1,1,3]*ddB[r,1,1,3,3,1,1]-1/81*hb^2/La^2*C[r,3,3,1,1]*B[r,1,1,3,1,3,1]+10/243*A[r,1,2,3,3,1]*hb^2/
La^2*dB[r,1,1,1,1,1,1]+665/34992*hb^2/La^2*dB[r,1,2,3,3,3,3]*dB[r,1,2,1,1,3,3]-1/648*hb^2/La^2*B[r,1,2,1,1,3,3]*ddB[r,1
,1,3,3,3,3]-37/8748*dB[r,1,1,1,3,1,3]*hb^2/La^2*dB[r,1,1,1,1,1,1]+41/8748*dB[r,1,1,1,3,1,3]*hb^2/La^2*dB[r,1,1,1,2,1,2]
-7/5832*dB[r,1,1,1,3,1,3]*hb^2/La^2*dB[r,1,1,1,1,3,3]-115/17496*dB[r,1,2,3,3,3,3]*hb^2/La^2*dB[r,1,1,1,2,1,2]+17/11664*
dB[r,1,2,3,3,3,3]*hb^2/La^2*dB[r,1,1,1,1,3,3]-13/2916*dB[r,1,2,1,1,3,3]*hb^2/La^2*dB[r,1,1,3,3,1,1]-85/34992*dB[r,1,2,1
,1,3,3]*hb^2/La^2*dB[r,1,1,3,3,3,3]+95/17496*dB[r,1,2,3,3,3,3]*hb^2/La^2*dB[r,1,1,1,1,1,1]+1/9*hb^2/La^2*A[r,1,2,3,3,1]
*A[r,1,3,2,3,1]-1/324*hb^2/La^2*B[r,1,1,3,3,3,3]*dA[r,1,1,2,3,3]-331/8748*hb^2/La^2*dB[r,1,1,3,1,3,1]*dB[r,1,1,1,3,1,3]
+1/324*hb^2/La^2*B[r,1,2,3,1,1,3]*ddB[r,1,1,3,3,3,3]+1/972*hb^2/La^2*B[r,1,2,1,3,1,3]*ddB[r,1,1,1,1,3,3]-4/243*hb^2/La^
2*A[r,1,2,3,3,1]*dB[r,1,2,1,3,1,3]+1/243*hb^2/La^2*B[r,1,2,3,3,3,3]*ddB[r,1,1,3,3,1,1]+5/729*dB[r,1,2,3,3,3,3]*hb^2/La^
2*dB[r,1,1,3,3,1,1]+35/8748*dB[r,1,2,3,3,3,3]*hb^2/La^2*dB[r,1,1,3,3,3,3]-1/81*hb^2/La^2*B[r,1,2,1,2,1,2]*ddB[r,1,1,3,3
,1,1]+8/729*dB[r,1,2,1,3,1,3]*hb^2/La^2*dB[r,1,1,3,3,1,1]+25/4374*dB[r,1,2,1,3,1,3]*hb^2/La^2*dB[r,1,1,3,3,3,3]-85/8748
*hb^2/La^2*dB[r,1,1,3,3,3,3]*dB[r,1,2,1,2,1,2]-13/729*hb^2/La^2*dB[r,1,1,3,3,1,1]*dB[r,1,2,1,2,1,2]-2/243*hb^2/La^2*B[r
,1,2,3,3,3,3]*dA[r,1,2,3,3,1]-4/81*hb^2/La^2*dA[r,1,2,3,3,1]*B[r,1,2,1,2,1,2]+1/27*hb^2/La^2*dA[r,1,1,2,3,3]*B0[r,1,2,3
,3]+1/27*hb^2/La^2*A[r,1,1,2,3,3]*dB0[r,1,2,3,3]+1/27*hb^2/La^2*dA[r,1,2,3,3,1]*B0[r,1,2,1,1]+1/27*hb^2/La^2*A[r,1,2,3,
3,1]*dB0[r,1,2,1,1]-1/27*hb^2/La^2*dB0[r,1,1,3,3]*dB[r,1,1,1,1,1,1]+1/27*hb^2/La^2*dB0[r,1,2,1,1]*dB[r,1,2,2,1,1,2]+2/
27*hb^2/La^2*dB0[r,1,2,1,1]*dB[r,1,2,2,2,1,1]+1/54*hb^2/La^2*B0[r,1,2,1,1]*ddB[r,1,2,1,2,1,2]+1/54*hb^2/La^2*B0[r,1,2,1
,1]*ddB[r,1,2,2,1,1,2]+1/27*hb^2/La^2*B0[r,1,2,1,1]*ddB[r,1,2,2,2,1,1]+1/54*hb^2/La^2*ddB0[r,1,2,1,1]*B[r,1,2,1,2,1,2]+
1/108*hb^2/La^2*B[r,1,2,3,3,3,3]*ddB[r,1,2,1,1,3,3]+1/108*hb^2/La^2*B[r,1,2,1,1,3,3]*ddB[r,1,2,3,3,3,3]+1/54*hb^2/La^2*
A[r,1,1,2,3,3]*dB[r,1,2,3,3,3,3]-1/27*hb^2/La^2*A[r,1,3,2,3,1]*dB0[r,1,1,3,3]+2/27*hb^2/La^2*dA[r,1,2,3,3,1]*B0[r,1,1,1
,1]-2/27*hb^2/La^2*A[r,1,2,3,3,1]*dB0[r,1,1,1,1]+4/81*ddB[r,1,1,1,2,1,2]*DD[r,1,1]+20/243*A[r,1,1,2,3,3]*dDD[r,1,1]-2/
81*ddB[r,1,1,1,1,3,3]*DD[r,1,1]+17/2187*dB[r,1,2,2,1,1,2]*dDD[r,3,3]+34/2187*dB[r,1,2,3,1,1,3]*dDD[r,1,1]+17/2187*dB[r,
1,2,2,2,1,1]*dDD[r,3,3]-17/2187*dB[r,1,2,3,3,1,1]*dDD[r,1,1]+16/81*C[r,1,1,1,1]*DD[r,1,1]-4/81*ddB[r,1,1,1,1,1,1]*DD[r,
1,1]-8/2187*dB[r,1,2,1,1,3,3]*dDD[r,1,1]+8/81*C[r,1,1,3,3]*DD[r,1,1]+20/2187*dB[r,1,1,3,1,3,1]*dDD[r,1,1]+4/81*DD[r,1,1
]*dA[r,1,1,2,3,3]-136/2187*dDD[r,1,1]*dB[r,1,1,1,1,1,1]+68/2187*dDD[r,1,1]*dB[r,1,1,1,2,1,2]-35/729*dDD[r,1,1]*dB[r,1,1
,1,1,3,3]-4/81*DD[r,1,1]*dA[r,1,3,2,3,1]-16/81*C[r,1,2,1,2]*DD[r,1,1]+34/2187*dDD[r,3,3]*dB[r,1,2,1,2,1,2]-20/2187*dB[r
,1,2,1,3,1,3]*dDD[r,3,3]-10/243*A[r,1,2,3,3,1]*dDD[r,1,1]+10/243*A[r,1,3,2,3,1]*dDD[r,3,3]+7/2187*dB[r,1,1,1,3,1,3]*dDD
[r,1,1]+17/2187*dB[r,1,1,3,1,3,1]*dDD[r,3,3]-7/2187*dB[r,1,2,1,3,1,3]*dDD[r,1,1]-17/2187*dB[r,1,2,3,1,1,3]*dDD[r,3,3]-4
/81*DD[r,1,1]*dA[r,1,2,3,3,1]+17/8748*hb^2/La^2*dB[r,1,2,2,1,1,2]^2+25/17496*hb^2/La^2*dB[r,1,2,3,1,1,3]^2-673/17496*hb
^2/La^2*dB[r,1,2,2,2,1,1]^2+13/17496*hb^2/La^2*dB[r,1,2,3,3,1,1]^2+517/17496*hb^2/La^2*dB[r,1,1,1,1,1,1]^2+1/54*hb^2/La
^2*A[r,1,3,2,3,1]^2+1/108*hb^2/La^2*A[r,1,3,2,1,3]^2+5/54*hb^2/La^2*A[r,1,1,2,3,3]^2+1/108*hb^2/La^2*A[r,1,2,3,1,3]^2+5
/54*hb^2/La^2*A[r,1,1,1,1,2]^2+1/108*hb^2/La^2*A[r,1,2,1,1,1]^2+1/108*hb^2/La^2*A[r,1,1,2,1,1]^2+31/3888*hb^2/La^2*dB[r
,1,1,1,1,3,3]^2+1189/17496*hb^2/La^2*dB[r,1,1,1,2,1,2]^2+68/2187/hb^2*La^2*dDD[r,1,1]^2-11/17496*hb^2/La^2*dB[r,1,1,3,1
,3,1]^2-613/34992*hb^2/La^2*dB[r,1,2,1,1,3,3]^2+1/162*hb^2/La^2*B[r,1,2,1,1,3,3]*dA[r,1,2,3,3,1]+7/17496*hb^2/La^2*dB[r
,1,2,1,1,3,3]*dB[r,1,2,1,3,1,3]+1/162*hb^2/La^2*C[r,3,3,3,3]*B[r,1,2,3,1,1,3]+8/243*hb^2/La^2*C[r,1,1,3,3]*B[r,1,2,1,3,
1,3]-7/972*hb^2/La^2*A[r,1,3,2,3,1]*dB[r,1,1,3,3,3,3]-4/243*hb^2/La^2*A[r,1,3,2,3,1]*dB[r,1,2,1,3,1,3]+13/486*hb^2/La^2
*C[r,1,1,3,3]*B[r,1,2,2,2,1,1]+7/8748*hb^2/La^2*dB[r,1,2,1,3,1,3]*dB[r,1,1,3,1,3,1]+7/8748*hb^2/La^2*dB[r,1,2,3,1,1,3]*
dB[r,1,1,1,3,1,3]-31/17496*hb^2/La^2*dB[r,1,1,3,1,3,1]*dB[r,1,2,1,2,1,2]-31/34992*hb^2/La^2*dB[r,1,2,1,1,3,3]*dB[r,1,2,
1,2,1,2]-1/324*hb^2/La^2*dB[r,1,2,2,2,1,1]*dB[r,1,1,3,1,3,1]+1/4374*hb^2/La^2*dB[r,1,2,3,3,3,3]*dB[r,1,2,3,3,1,1]+2/243
*hb^2/La^2*A[r,1,2,3,3,1]*dB[r,1,2,3,1,1,3]+2/243*hb^2/La^2*B[r,1,1,3,3,1,1]*dA[r,1,3,2,3,1]-16/243*hb^2/La^2*B[r,1,2,1
,3,1,3]*C[r,1,2,1,2]+1/486*hb^2/La^2*B[r,1,2,1,3,1,3]*ddB[r,1,1,1,1,1,1]-1/486*hb^2/La^2*B[r,1,2,1,3,1,3]*ddB[r,1,1,1,2
,1,2]-1/162*hb^2/La^2*B[r,1,1,3,1,3,1]*ddB[r,1,1,3,3,1,1]-1/27*hb^2/La*ddB[r,1,1,1,1,1,1]+1/27*hb^2/La*ddB[r,1,1,1,2,1,
2]-1/54*hb^2/La*ddB[r,1,1,1,1,3,3]+4/27*hb^2/La*C[r,1,1,1,1]+1/27*hb^2/La*dA[r,1,1,2,3,3]+2/27*hb^2/La*C[r,1,1,3,3]-4/
27*hb^2/La*C[r,1,2,1,2]-1/27*hb^2/La*dA[r,1,3,2,3,1]+1/27*hb^2/La*ddB[r,1,1,3,3,1,1]+1/54*hb^2/La*ddB[r,1,1,3,3,3,3]-4/
27*hb^2/La*C[r,3,3,1,1]-2/27*hb^2/La*C[r,3,3,3,3]-2/27*hb^2/La*dA[r,1,2,3,3,1]+1/36*hb^2/La^2*A[r,1,2,3,1,3]*A0[r,1,1,2
]-5/972*hb^2/La^2*B[r,1,2,1,2,1,2]*ddB[r,1,1,1,1,1,1]+5/972*hb^2/La^2*B[r,1,2,1,2,1,2]*ddB[r,1,1,1,2,1,2]+5/1944*hb^2/
La^2*B[r,1,2,2,1,1,2]*ddB[r,1,1,1,1,3,3]+1/243*hb^2/La^2*B[r,1,2,2,2,1,1]*dA[r,1,1,2,3,3]+13/1458*dB[r,1,2,3,1,1,3]*hb^
2/La^2*dB[r,1,1,3,3,1,1]+85/17496*dB[r,1,2,3,1,1,3]*hb^2/La^2*dB[r,1,1,3,3,3,3]+37/8748*dB[r,1,2,1,3,1,3]*hb^2/La^2*dB[
r,1,1,1,1,1,1]-41/8748*dB[r,1,2,1,3,1,3]*hb^2/La^2*dB[r,1,1,1,2,1,2]+7/5832*dB[r,1,2,1,3,1,3]*hb^2/La^2*dB[r,1,1,1,1,3,
3]+1/162*hb^2/La^2*C[r,3,3,3,3]*B[r,1,2,1,1,3,3]+1/81*hb^2/La^2*C[r,1,1,3,3]*B[r,1,2,3,3,3,3]+5/324*hb^2/La^2*B[r,1,2,3
,3,3,3]*dA[r,1,1,2,3,3]-25/972*hb^2/La^2*A[r,1,3,2,3,1]*dB[r,1,2,1,2,1,2]-31/972*hb^2/La^2*A[r,1,3,2,3,1]*dB[r,1,2,2,1,
1,2]-11/972*hb^2/La^2*dB[r,1,1,1,1,1,1]*dB[r,1,2,2,2,1,1]-169/17496*hb^2/La^2*dB[r,1,1,1,1,1,1]*dB[r,1,2,1,2,1,2]+119/
17496*hb^2/La^2*dB[r,1,1,1,1,1,1]*dB[r,1,2,2,1,1,2]+13/972*hb^2/La^2*dB[r,1,1,1,2,1,2]*dB[r,1,2,2,2,1,1]+197/17496*hb^2
/La^2*dB[r,1,1,1,2,1,2]*dB[r,1,2,1,2,1,2]-127/17496*hb^2/La^2*dB[r,1,1,1,2,1,2]*dB[r,1,2,2,1,1,2]-1/486*hb^2/La^2*dB[r,
1,1,1,1,3,3]*dB[r,1,2,2,2,1,1]+7/486*C[r,3,3,3,3]*hb^2/La^2*B[r,1,1,1,1,1,1]-11/162*C[r,3,3,3,3]*hb^2/La^2*B[r,1,1,1,2,
1,2]+10/243*C[r,1,1,1,1]*hb^2/La^2*B[r,1,1,3,3,1,1]-1/81*C[r,1,1,1,1]*hb^2/La^2*B[r,1,1,3,3,3,3]-10/243*C[r,1,2,1,2]*hb
^2/La^2*B[r,1,1,3,3,1,1]-4/243*hb^2/La^2*B[r,1,2,1,3,1,3]*dA[r,1,3,2,3,1]-23/972*hb^2/La^2*B[r,1,2,1,2,1,2]*dA[r,1,3,2,
3,1]-17/972*ddB[r,1,1,3,3,3,3]*hb^2/La^2*B[r,1,1,1,1,1,1]+7/324*ddB[r,1,1,3,3,3,3]*hb^2/La^2*B[r,1,1,1,2,1,2]+1/216*ddB
[r,1,1,3,3,3,3]*hb^2/La^2*B[r,1,1,1,1,3,3]-7/486*ddB[r,1,1,1,1,3,3]*hb^2/La^2*B[r,1,1,3,3,1,1]+1/648*ddB[r,1,1,1,1,3,3]
*hb^2/La^2*B[r,1,1,3,3,3,3]+1/81*hb^2/La^2*C[r,3,3,1,1]*B[r,1,2,3,1,1,3]+16/243*hb^2/La^2*C[r,1,1,1,1]*B[r,1,2,1,3,1,3]
+7/243*hb^2/La^2*B[r,1,1,3,3,1,1]*dA[r,1,1,2,3,3]-4/243*ddB[r,1,1,3,3,1,1]*hb^2/La^2*B[r,1,1,1,1,1,1]-11/486*hb^2/La^2*
dA[r,1,3,2,3,1]*B[r,1,2,2,2,1,1]-31/972*hb^2/La^2*dA[r,1,3,2,3,1]*B[r,1,2,2,1,1,2]-2/2187*hb^2/La^2*dB[r,1,2,3,3,1,1]*
dB[r,1,1,1,3,1,3]-31/11664*hb^2/La^2*dB[r,1,1,1,1,3,3]*dB[r,1,2,1,2,1,2]+35/11664*hb^2/La^2*dB[r,1,1,1,1,3,3]*dB[r,1,2,
2,1,1,2]+4/243*hb^2/La^2*B[r,1,2,1,3,1,3]*dA[r,1,1,2,3,3]+17/17496*hb^2/La^2*dB[r,1,2,3,3,3,3]*dB[r,1,1,3,1,3,1]-7/
17496*hb^2/La^2*dB[r,1,2,1,1,3,3]*dB[r,1,1,1,3,1,3]-4/243*hb^2/La^2*B[r,1,1,1,3,1,3]*dA[r,1,1,2,3,3]-8/81*hb^2/La^2*C[r
,3,3,1,1]*B[r,1,2,1,2,1,2]-4/81*hb^2/La^2*C[r,3,3,3,3]*B[r,1,2,1,2,1,2]-13/243*hb^2/La^2*A[r,1,2,3,3,1]*dB[r,1,2,1,2,1,
2]-7/4374*hb^2/La^2*dB[r,1,2,1,2,1,2]*dB[r,1,1,1,3,1,3]+7/486*hb^2/La^2*dA[r,1,2,3,3,1]*B[r,1,1,1,1,1,1]-1/18*hb^2/La^2
*A[r,1,3,2,1,3]*A[r,1,1,1,1,2]+19/486*hb^2/La^2*B[r,1,1,1,1,3,3]*dA[r,1,3,2,3,1]+11/8748*hb^2/La^2*dB[r,1,2,1,3,1,3]*dB
[r,1,2,2,2,1,1]-11/8748*hb^2/La^2*dB[r,1,2,1,3,1,3]*dB[r,1,2,2,1,1,2]-2/2187*hb^2/La^2*dB[r,1,2,3,1,1,3]*dB[r,1,2,3,3,1
,1]-1/162*hb^2/La^2*A[r,1,3,2,3,1]*dB[r,1,2,3,1,1,3]-1/81*hb^2/La^2*B[r,1,2,3,1,1,3]*ddB[r,1,1,1,1,1,1]-107/8748*dB[r,1
,1,3,1,3,1]*hb^2/La^2*dB[r,1,1,1,1,1,1]+121/8748*dB[r,1,1,3,1,3,1]*hb^2/La^2*dB[r,1,1,1,2,1,2]-13/2916*dB[r,1,1,3,1,3,1
]*hb^2/La^2*dB[r,1,1,1,1,3,3]-1/9*hb^2/La^2*A[r,1,1,2,1,1]*A[r,1,2,1,1,1]+5/54*hb^2/La^2*A[r,1,1,1,1,2]*A[r,1,2,1,1,1]+
1/972*hb^2/La^2*B[r,1,1,1,1,3,3]*ddB[r,1,1,1,1,3,3]+2/81*hb^2/La^2*B[r,1,2,3,1,1,3]*C[r,1,2,1,2]-2/81*hb^2/La^2*C[r,3,3
,3,3]*B[r,1,2,2,2,1,1]-1/54*hb^2/La^2*ddB[r,1,2,2,2,1,1]*B[r,1,2,1,2,1,2]-1/54*hb^2/La^2*ddB[r,1,2,2,2,1,1]*B[r,1,2,2,1
,1,2]-19/486*ddB[r,1,1,1,2,1,2]*hb^2/La^2*B[r,1,1,1,1,3,3]-7/8748*hb^2/La^2*dB[r,1,2,2,2,1,1]*dB[r,1,1,1,3,1,3]-145/
8748*dB[r,1,2,3,1,1,3]*hb^2/La^2*dB[r,1,1,1,1,1,1]+95/8748*dB[r,1,2,3,1,1,3]*hb^2/La^2*dB[r,1,1,1,2,1,2]-5/81*hb^2/La^2
*dA[r,1,3,2,3,1]*B[r,1,1,1,2,1,2]+2/81*hb^2/La^2*B[r,1,1,1,1,1,1]*dA[r,1,1,2,3,3]-1/162*hb^2/La^2*B[r,1,2,2,1,1,2]*ddB[
r,1,1,3,3,1,1]+1/81*hb^2/La^2*B[r,1,1,1,1,1,1]*ddB[r,1,1,1,1,1,1]+1/162*hb^2/La^2*B[r,1,2,3,3,1,1]*ddB[r,1,1,1,1,1,1]-1
/162*hb^2/La^2*B[r,1,2,3,3,1,1]*ddB[r,1,1,1,2,1,2]-11/486*hb^2/La^2*A[r,1,1,2,3,3]*dB[r,1,2,3,1,1,3]-4/81*hb^2/La^2*dA[
r,1,1,2,3,3]*B[r,1,1,1,2,1,2]+1/81*hb^2/La^2*dA[r,1,3,2,3,1]*B[r,1,1,1,1,1,1]-13/486*hb^2/La^2*A[r,1,2,3,3,1]*dB[r,1,2,
2,2,1,1]-13/486*hb^2/La^2*A[r,1,2,3,3,1]*dB[r,1,2,2,1,1,2]-5/486*hb^2/La^2*A[r,1,1,2,3,3]*dB[r,1,2,3,3,1,1]+37/17496*hb
^2/La^2*dB[r,1,2,3,3,3,3]*dB[r,1,2,2,2,1,1]-5/243*hb^2/La^2*A[r,1,1,2,3,3]*dB[r,1,1,1,1,3,3]-2/81*hb^2/La^2*C[r,1,1,1,1
]*B[r,1,2,3,3,1,1]+5/243*hb^2/La^2*B[r,1,1,3,3,1,1]^2/r^2+65/3888*hb^2/La^2*B[r,1,1,1,1,3,3]^2/r^2+1987/17496*hb^2/La^2
*B[r,1,2,2,2,1,1]^2/r^2+1997/34992*hb^2/La^2*B[r,1,2,1,1,3,3]^2/r^2+1/3888*hb^2/La^2*B[r,1,2,3,3,3,3]^2/r^2-11/17496*hb
^2/La^2*B[r,1,1,3,1,3,1]^2/r^2+209/34992*hb^2/La^2*B[r,1,1,3,3,3,3]^2/r^2+5/8748*hb^2/La^2*B[r,1,1,1,3,1,3]^2/r^2-11/
17496*hb^2/La^2*B[r,1,2,3,1,1,3]^2/r^2+1/3888*hb^2/La^2*B[r,1,2,1,2,1,2]^2/r^2+113/34992*hb^2/La^2*B[r,1,2,2,1,1,2]^2/r
^2+1/972*hb^2/La^2*B[r,1,2,1,3,1,3]^2/r^2+5/972*hb^2/La^2*B[r,1,2,1,3,1,3]*B[r,1,1,1,2,1,2]/r^2-37/1944*hb^2/La^2*B[r,1
,2,3,3,3,3]*B[r,1,1,1,2,1,2]/r^2-1/324*hb^2/La^2*B[r,1,1,1,1,1,1]*B[r,1,2,1,3,1,3]/r^2-5/1944*hb^2/La^2*B[r,1,2,3,3,3,3
]*B[r,1,1,3,3,3,3]/r^2-1/486*hb^2/La^2*B[r,1,2,1,3,1,3]*B[r,1,1,1,3,1,3]/r^2+19/1944*hb^2/La^2*B[r,1,1,1,1,1,1]*B[r,1,2
,3,3,3,3]/r^2+1/243*hb^2/La^2*B[r,1,2,1,3,1,3]*B[r,1,1,3,3,1,1]/r^2+1/972*hb^2/La^2*B[r,1,2,1,2,1,2]*B[r,1,1,1,1,3,3]/r
^2-5/1944*hb^2/La^2*B[r,1,2,1,2,1,2]*B[r,1,1,3,1,3,1]/r^2+1/648*hb^2/La^2*B[r,1,2,3,3,3,3]*B[r,1,1,3,1,3,1]/r^2+1/648*
hb^2/La^2*B[r,1,2,1,2,1,2]*B[r,1,1,3,3,3,3]/r^2-29/8748*B[r,1,1,1,3,1,3]*hb^2/La^2*B[r,1,1,1,1,1,1]/r^2+19/8748*B[r,1,1
,1,3,1,3]*hb^2/La^2*B[r,1,1,1,2,1,2]/r^2-1/729*B[r,1,1,1,3,1,3]*hb^2/La^2*B[r,1,1,1,1,3,3]/r^2-1091/17496*hb^2/La^2*B[r
,1,1,3,3,3,3]*B[r,1,1,1,2,1,2]/r^2+16/243*hb^2/La^2*B[r,1,1,1,1,3,3]*B[r,1,1,3,3,1,1]/r^2-17/729*hb^2/La^2*B[r,1,1,3,3,
3,3]*B[r,1,1,1,1,3,3]/r^2+37/1458*hb^2/La^2*B[r,1,1,3,3,1,1]*B[r,1,1,1,1,1,1]/r^2+847/5832*hb^2/La^2*B[r,1,1,1,1,3,3]*B
[r,1,1,1,2,1,2]/r^2-25/8748*hb^2/La^2*B[r,1,2,3,3,1,1]*B[r,1,1,1,3,1,3]/r^2-109/1944*hb^2/La^2*B[r,1,2,3,3,1,1]*B[r,1,2
,1,2,1,2]/r^2-929/17496*hb^2/La^2*B[r,1,2,3,3,1,1]*B[r,1,2,2,1,1,2]/r^2-136/2187/hb^2*La^2*DD[r,3,3]*DD[r,1,1]/r^2+17/
8748*B[r,1,1,1,3,1,3]*hb^2/La^2*B[r,1,1,3,3,3,3]/r^2-5/1458*hb^2/La^2*B[r,1,1,3,3,1,1]*B[r,1,2,2,1,1,2]/r^2+107/8748*hb
^2/La^2*B[r,1,1,1,1,1,1]*B[r,1,2,3,1,1,3]/r^2-25/8748*hb^2/La^2*B[r,1,2,2,2,1,1]*B[r,1,1,3,1,3,1]/r^2+1/1944*hb^2/La^2*
B[r,1,2,3,3,3,3]*B[r,1,2,1,2,1,2]/r^2-1/972*hb^2/La^2*B[r,1,2,1,1,3,3]*B[r,1,2,1,3,1,3]/r^2-29/8748*hb^2/La^2*B[r,1,2,3
,1,1,3]*B[r,1,2,2,2,1,1]/r^2+5/1944*hb^2/La^2*B[r,1,2,1,1,3,3]*B[r,1,2,1,2,1,2]/r^2-2/81*B[r,1,2,1,3,1,3]*DD[r,3,3]/r^2
-1/243*B[r,1,2,3,3,3,3]*DD[r,3,3]/r^2+1/243*B[r,1,2,3,3,3,3]*DD[r,1,1]/r^2+7/243*DD[r,3,3]*B[r,1,2,1,2,1,2]/r^2-7/243*B
[r,1,2,1,2,1,2]*DD[r,1,1]/r^2-41/17496*hb^2/La^2*B[r,1,2,3,1,1,3]*B[r,1,2,2,1,1,2]/r^2-13/17496*hb^2/La^2*B[r,1,2,2,1,1
,2]*B[r,1,1,3,1,3,1]/r^2+53/17496*hb^2/La^2*B[r,1,2,1,1,3,3]*B[r,1,2,3,3,1,1]/r^2+1903/17496*hb^2/La^2*B[r,1,2,2,1,1,2]
*B[r,1,2,2,2,1,1]/r^2+5/972*hb^2/La^2*B[r,1,2,1,3,1,3]*B[r,1,2,3,3,1,1]/r^2-53/8748*B[r,1,1,3,1,3,1]*hb^2/La^2*B[r,1,1,
1,1,1,1]/r^2+85/8748*B[r,1,1,3,1,3,1]*hb^2/La^2*B[r,1,1,1,2,1,2]/r^2-5/5832*B[r,1,1,3,1,3,1]*hb^2/La^2*B[r,1,1,1,1,3,3]
/r^2+2/729*B[r,1,1,1,3,1,3]*hb^2/La^2*B[r,1,1,3,3,1,1]/r^2-13/8748*hb^2/La^2*B[r,1,2,3,1,1,3]*B[r,1,1,1,3,1,3]/r^2+11/
1458*hb^2/La^2*B[r,1,1,3,3,1,1]*B[r,1,2,2,2,1,1]/r^2-1/8748*hb^2/La^2*B[r,1,2,3,3,1,1]*B[r,1,1,3,1,3,1]/r^2+19/5832*hb^
2/La^2*B[r,1,1,1,1,3,3]*B[r,1,2,2,1,1,2]/r^2+23/1458*hb^2/La^2*B[r,1,1,3,3,1,1]*B[r,1,2,1,1,3,3]/r^2-1025/8748*hb^2/La^
2*B[r,1,2,3,3,1,1]*B[r,1,2,2,2,1,1]/r^2-7/8748*hb^2/La^2*B[r,1,2,3,1,1,3]*B[r,1,1,3,1,3,1]/r^2+25/17496*hb^2/La^2*B[r,1
,2,1,1,3,3]*B[r,1,1,3,1,3,1]/r^2-23/2916*hb^2/La^2*B[r,1,1,1,1,3,3]*B[r,1,2,1,1,3,3]/r^2-127/17496*hb^2/La^2*B[r,1,1,3,
3,3,3]*B[r,1,2,3,1,1,3]/r^2-67/8748*hb^2/La^2*B[r,1,2,3,1,1,3]*B[r,1,1,1,2,1,2]/r^2+16/729*hb^2/La^2*B[r,1,1,3,3,3,3]*B
[r,1,1,3,3,1,1]/r^2+7/1944*hb^2/La^2*B[r,1,2,3,3,3,3]*B[r,1,2,3,1,1,3]/r^2-13/5832*hb^2/La^2*B[r,1,1,1,1,3,3]*B[r,1,2,2
,2,1,1]/r^2-11/4374*hb^2/La^2*B[r,1,1,3,3,3,3]*B[r,1,2,2,1,1,2]/r^2+113/17496*hb^2/La^2*B[r,1,1,3,3,3,3]*B[r,1,2,1,1,3,
3]/r^2-251/17496*hb^2/La^2*B[r,1,2,1,1,3,3]*B[r,1,1,1,1,1,1]/r^2+301/17496*hb^2/La^2*B[r,1,2,1,1,3,3]*B[r,1,1,1,2,1,2]/
r^2-37/648*hb^2/La^2*B[r,1,2,3,3,3,3]*B[r,1,2,1,1,3,3]/r^2-79/17496*hb^2/La^2*B[r,1,2,1,1,3,3]*B[r,1,2,2,2,1,1]/r^2-1/
324*hb^2/La^2*B[r,1,2,1,3,1,3]*B[r,1,2,2,2,1,1]/r^2-1/972*hb^2/La^2*B[r,1,2,1,3,1,3]*B[r,1,2,1,2,1,2]/r^2+1/972*hb^2/La
^2*B[r,1,2,1,3,1,3]*B[r,1,1,3,1,3,1]/r^2-1/486*hb^2/La^2*B[r,1,2,1,3,1,3]*B[r,1,1,1,1,3,3]/r^2+1/972*hb^2/La^2*B[r,1,2,
3,3,3,3]*B[r,1,1,1,1,3,3]/r^2-1/972*hb^2/La^2*B[r,1,2,1,2,1,2]*B[r,1,1,1,3,1,3]/r^2-13/1944*hb^2/La^2*B[r,1,2,1,2,1,2]*
B[r,1,1,1,1,1,1]/r^2+1/72*hb^2/La^2*B[r,1,2,1,2,1,2]*B[r,1,1,1,2,1,2]/r^2-2/243*hb^2/La^2*B[r,1,2,3,3,3,3]*B[r,1,1,3,3,
1,1]/r^2+1/324*hb^2/La^2*B[r,1,1,1,3,1,3]*B[r,1,2,3,3,3,3]/r^2+1/972*hb^2/La^2*B[r,1,1,3,3,3,3]*B[r,1,2,1,3,1,3]/r^2+1/
243*hb^2/La^2*B[r,1,1,3,3,1,1]*B[r,1,2,1,2,1,2]/r^2+269/2187*B[r,1,1,1,1,1,1]*DD[r,1,1]/r^2-283/2187*B[r,1,1,1,2,1,2]*
DD[r,1,1]/r^2-16/729*B[r,1,1,3,3,1,1]*DD[r,3,3]/r^2+1/2187*B[r,1,2,1,1,3,3]*DD[r,1,1]/r^2+46/729*B[r,1,1,1,1,3,3]*DD[r,
1,1]/r^2-31/2187*B[r,1,1,3,3,3,3]*DD[r,3,3]/r^2+14/2187*B[r,1,1,1,3,1,3]*DD[r,1,1]/r^2+1/2187*B[r,1,2,3,3,1,1]*DD[r,1,1
]/r^2-1/2187*B[r,1,2,3,3,1,1]*DD[r,3,3]/r^2+70/2187*B[r,1,2,2,1,1,2]*DD[r,3,3]/r^2+8/729*B[r,1,1,1,1,3,3]*DD[r,3,3]/r^2
+55/2187*B[r,1,1,1,1,1,1]*DD[r,3,3]/r^2-41/2187*B[r,1,1,1,2,1,2]*DD[r,3,3]/r^2-1/2187*B[r,1,2,1,1,3,3]*DD[r,3,3]/r^2+61
/2187*B[r,1,2,3,1,1,3]*DD[r,1,1]/r^2+11/2187*B[r,1,2,2,2,1,1]*DD[r,3,3]/r^2-11/2187*B[r,1,2,2,2,1,1]*DD[r,1,1]/r^2-7/
2187*B[r,1,1,3,1,3,1]*DD[r,1,1]/r^2-14/2187*B[r,1,1,1,3,1,3]*DD[r,3,3]/r^2-70/2187*B[r,1,2,2,1,1,2]*DD[r,1,1]/r^2-131/
2187*B[r,1,1,3,3,3,3]*DD[r,1,1]/r^2+7/2187*B[r,1,1,3,1,3,1]*DD[r,3,3]/r^2-61/2187*B[r,1,2,3,1,1,3]*DD[r,3,3]/r^2-92/729
*B[r,1,1,3,3,1,1]*DD[r,1,1]/r^2+23/8748*hb^2/La^2*B[r,1,2,2,2,1,1]*B[r,1,1,1,3,1,3]/r^2+19/8748*hb^2/La^2*B[r,1,2,3,1,1
,3]*B[r,1,2,3,3,1,1]/r^2+211/1944*hb^2/La^2*B[r,1,2,1,2,1,2]*B[r,1,2,2,2,1,1]/r^2-1/216*hb^2/La^2*B[r,1,2,3,3,3,3]*B[r,
1,2,3,3,1,1]/r^2+95/8748*hb^2/La^2*B[r,1,2,2,2,1,1]*B[r,1,1,1,2,1,2]/r^2+113/17496*hb^2/La^2*B[r,1,1,3,3,3,3]*B[r,1,2,3
,3,1,1]/r^2-7/4374*hb^2/La^2*B[r,1,2,2,1,1,2]*B[r,1,1,1,3,1,3]/r^2-1/216*hb^2/La^2*B[r,1,2,3,1,1,3]*B[r,1,2,1,2,1,2]/r^
2+7/1458*B[r,1,1,3,1,3,1]*hb^2/La^2*B[r,1,1,3,3,1,1]/r^2+37/17496*B[r,1,1,3,1,3,1]*hb^2/La^2*B[r,1,1,3,3,3,3]/r^2-19/
1458*hb^2/La^2*B[r,1,1,3,3,1,1]*B[r,1,2,3,1,1,3]/r^2+191/8748*hb^2/La^2*B[r,1,2,3,3,1,1]*B[r,1,1,1,2,1,2]/r^2+89/17496*
hb^2/La^2*B[r,1,1,3,3,3,3]*B[r,1,2,2,2,1,1]/r^2-37/5832*hb^2/La^2*B[r,1,1,1,1,3,3]*B[r,1,2,3,3,1,1]/r^2-1/972*hb^2/La^2
*B[r,1,2,3,3,3,3]*B[r,1,2,1,3,1,3]/r^2-1/9*hb^2/La^2*B[r,1,1,1,1,3,3]*B0[r,1,1,3,3]/r^2+2/9*hb^2/La^2*B[r,1,2,3,3,1,1]*
B0[r,1,2,1,1]/r^2+1/9*hb^2/La^2*B[r,1,2,3,3,3,3]*B0[r,1,2,3,3]/r^2-2/9*hb^2/La^2*B[r,1,2,2,2,1,1]*B0[r,1,2,1,1]/r^2-1/9
*hb^2/La^2*B[r,1,2,1,1,3,3]*B0[r,1,2,3,3]/r^2+2/9*hb^2/La^2*B0[r,1,1,1,1]*B[r,1,1,1,2,1,2]/r^2-1/3*hb^2/La*B[r,1,1,3,3,
1,1]/r^2+2/81*B[r,1,2,1,3,1,3]*DD[r,1,1]/r^2+1/3*hb^2/La*B[r,1,1,1,1,1,1]/r^2-2/3*hb^2/La*B[r,1,1,1,2,1,2]/r^2-1/9*hb^2
/La^2*B0[r,1,2,1,1]*B[r,1,2,1,2,1,2]/r^2-1/9*hb^2/La^2*B0[r,1,2,1,1]*B[r,1,2,2,1,1,2]/r^2+2/9*hb^2/La^2*B[r,1,1,3,3,1,1
]*B0[r,1,1,1,1]/r^2+1/9*hb^2/La^2*B[r,1,1,3,3,3,3]*B0[r,1,1,3,3]/r^2-2/9*hb^2/La^2*B[r,1,1,1,1,1,1]*B0[r,1,1,1,1]/r^2+
35/8748*hb^2/La^2*B[r,1,2,1,1,3,3]*B[r,1,2,2,1,1,2]/r^2+967/8748*hb^2/La^2*B[r,1,1,3,1,3,1]*B[r,1,1,1,3,1,3]/r^2+35/
17496*hb^2/La^2*B[r,1,2,2,1,1,2]*B[r,1,1,1,2,1,2]/r^2+11/1944*hb^2/La^2*B[r,1,2,3,3,3,3]*B[r,1,2,2,2,1,1]/r^2-1/243*hb^
2/La^2*B[r,1,2,3,3,3,3]*B[r,1,2,2,1,1,2]/r^2-26/243*hb^2/La^2*B[r,1,2,1,2,1,2]*B[r,1,2,2,1,1,2]/r^2+109/972*hb^2/La^2*B
[r,1,2,1,3,1,3]*B[r,1,2,3,1,1,3]/r^2-43/17496*hb^2/La^2*B[r,1,2,1,1,3,3]*B[r,1,2,3,1,1,3]/r^2-25/8748*hb^2/La^2*B[r,1,2
,1,1,3,3]*B[r,1,1,1,3,1,3]/r^2-23/1458*hb^2/La^2*B[r,1,1,3,3,1,1]*B[r,1,1,1,2,1,2]/r^2+1165/17496*hb^2/La^2*B[r,1,1,3,3
,3,3]*B[r,1,1,1,1,1,1]/r^2+23/1458*hb^2/La^2*B[r,1,1,3,3,1,1]*B[r,1,2,3,3,1,1]/r^2-91/8748*hb^2/La^2*B[r,1,1,1,1,1,1]*B
[r,1,2,2,2,1,1]/r^2+47/5832*hb^2/La^2*B[r,1,1,1,1,3,3]*B[r,1,2,3,1,1,3]/r^2-139/8748*hb^2/La^2*B[r,1,1,1,1,1,1]*B[r,1,2
,3,3,1,1]/r^2-893/5832*hb^2/La^2*B[r,1,1,1,1,3,3]*B[r,1,1,1,1,1,1]/r^2+763/8748*hb^2/La^2*B[r,1,1,1,1,1,1]*B[r,1,1,1,2,
1,2]/r^2+47/17496*hb^2/La^2*B[r,1,1,1,1,1,1]*B[r,1,2,2,1,1,2]/r^2+68/2187/hb^2*La^2*DD[r,1,1]^2/r^2+68/2187/hb^2*La^2*
DD[r,3,3]^2/r^2+67/17496*hb^2/La^2*B[r,1,2,3,3,1,1]^2/r^2-815/17496*hb^2/La^2*B[r,1,1,1,1,1,1]^2/r^2-4643/17496*hb^2/La
^2*B[r,1,1,1,2,1,2]^2/r^2+1/9*hb^2/La^2*A0[r,1,1,2]*B[r,1,1,3,3,3,3]/r-1/9*hb^2/La^2*A0[r,1,1,2]*B[r,1,2,3,3,1,1]/r+1/9
*hb^2/La^2*A[r,1,1,1,1,2]*B0[r,1,2,1,1]/r+1/9*hb^2/La^2*A0[r,1,1,2]*B[r,1,2,2,2,1,1]/r+1/9*hb^2/La^2*A[r,1,1,1,1,2]*B0[
r,1,1,1,1]/r-1/9*hb^2/La^2*A0[r,1,1,2]*B[r,1,1,1,1,1,1]/r-1/9*hb^2/La^2*A0[r,1,1,2]*B[r,1,1,1,2,1,2]/r-1/9*hb^2/La^2*A[
r,1,2,1,1,1]*B0[r,1,1,1,1]/r-1/9*hb^2/La^2*A0[r,1,1,2]*B[r,1,2,2,1,1,2]/r-1/9*hb^2/La^2*A[r,1,1,2,1,1]*B0[r,1,2,1,1]/r-\
1/9*hb^2/La^2*A0[r,1,1,2]*B[r,1,1,1,1,3,3]/r+1/9*hb^2/La^2*A0[r,1,1,2]*B[r,1,2,3,1,1,3]/r+1/9*hb^2/La^2*A[r,1,3,2,1,3]*
B0[r,1,2,3,3]/r+1/9*hb^2/La^2*A0[r,1,1,2]*B[r,1,1,1,3,1,3]/r+1/9*hb^2/La^2*A[r,1,2,3,1,3]*B0[r,1,1,3,3]/r+4/243*hb^2/La
^2*B[r,1,2,1,3,1,3]*dB[r,1,1,3,3,1,1]/r-8/243*hb^2/La^2*B[r,1,2,1,3,1,3]*A[r,1,2,3,3,1]/r-1/27*hb^2/La^2*B0[r,1,2,3,3]*
dB[r,1,2,3,3,3,3]/r-1/27*hb^2/La^2*dB0[r,1,2,3,3]*B[r,1,2,3,3,3,3]/r-2/27*hb^2/La^2*B0[r,1,1,1,1]*dB[r,1,1,3,3,1,1]/r-2
/27*hb^2/La^2*dB0[r,1,1,1,1]*B[r,1,1,3,3,1,1]/r+2/27*hb^2/La^2*B0[r,1,2,1,1]*dB[r,1,2,2,2,1,1]/r+1/27*hb^2/La^2*B0[r,1,
2,1,1]*dB[r,1,2,1,2,1,2]/r+1/27*hb^2/La^2*B0[r,1,2,1,1]*dB[r,1,2,2,1,1,2]/r+2/27*hb^2/La^2*dB0[r,1,2,1,1]*B[r,1,2,2,2,1
,1]/r+1/27*hb^2/La^2*dB0[r,1,2,1,1]*B[r,1,2,1,2,1,2]/r+1/27*hb^2/La^2*dB0[r,1,2,1,1]*B[r,1,2,2,1,1,2]/r-4/27*hb^2/La*A[
r,1,2,3,3,1]/r+2/27*hb^2/La*dB[r,1,1,3,3,1,1]/r+1/27*hb^2/La*dB[r,1,1,3,3,3,3]/r-2/27*hb^2/La*A[r,1,3,2,3,1]/r-2/27*hb^
2/La*dB[r,1,1,1,1,1,1]/r+2/27*hb^2/La*dB[r,1,1,1,2,1,2]/r-1/27*hb^2/La*dB[r,1,1,1,1,3,3]/r+11/81*hb^2/La^2*A[r,1,3,3,1,
2]*B[r,1,2,1,2,1,2]/r-53/972*hb^2/La^2*A[r,1,3,2,1,3]*B[r,1,2,3,1,1,3]/r-1/972*hb^2/La^2*A[r,1,2,3,1,3]*B[r,1,2,1,2,1,2
]/r+29/486*hb^2/La^2*A[r,1,2,1,1,1]*B[r,1,2,1,3,1,3]/r+13/486*hb^2/La^2*A[r,1,1,2,1,1]*B[r,1,2,2,1,1,2]/r+4/243*hb^2/La
^2*A[r,1,2,1,1,1]*B[r,1,2,3,3,3,3]/r+1/243*hb^2/La^2*B[r,1,2,3,3,3,3]*dB[r,1,1,3,3,3,3]/r-7/81*hb^2/La^2*A[r,1,3,2,1,3]
*B[r,1,1,3,3,1,1]/r-13/324*hb^2/La^2*B[r,1,2,2,2,1,1]*A[r,1,1,2,1,1]/r+2/243*hb^2/La^2*B[r,1,2,3,3,3,3]*dB[r,1,1,3,3,1,
1]/r-8/81*hb^2/La^2*A[r,1,2,3,3,1]*B[r,1,2,1,2,1,2]/r-2/81*hb^2/La^2*B[r,1,2,1,2,1,2]*dB[r,1,1,3,3,1,1]/r-53/486*hb^2/
La^2*A[r,1,3,2,1,3]*B[r,1,1,1,3,1,3]/r+1/27*hb^2/La^2*B0[r,1,2,3,3]*dB[r,1,2,1,1,3,3]/r+1/27*hb^2/La^2*dB0[r,1,2,3,3]*B
[r,1,2,1,1,3,3]/r+1/54*hb^2/La^2*B[r,1,2,3,3,1,1]*dB[r,1,2,2,1,1,2]/r+1/54*hb^2/La^2*dB[r,1,2,3,3,1,1]*B[r,1,2,1,2,1,2]
/r+1/54*hb^2/La^2*dB[r,1,2,3,3,1,1]*B[r,1,2,2,1,1,2]/r-1/27*hb^2/La^2*B[r,1,2,1,3,1,3]*dB[r,1,2,3,1,1,3]/r-1/27*hb^2/La
^2*B[r,1,2,3,1,1,3]*dB[r,1,2,1,3,1,3]/r+2/27*hb^2/La^2*B0[r,1,1,1,1]*dB[r,1,1,1,1,1,1]/r-2/27*hb^2/La^2*B0[r,1,1,1,1]*
dB[r,1,1,1,2,1,2]/r+2/27*hb^2/La^2*dB0[r,1,1,1,1]*B[r,1,1,1,1,1,1]/r-2/27*hb^2/La^2*dB0[r,1,1,1,1]*B[r,1,1,1,2,1,2]/r-\
23/972*hb^2/La^2*A[r,1,1,1,1,2]*B[r,1,1,3,1,3,1]/r-1/162*hb^2/La^2*B[r,1,2,2,2,1,1]*dB[r,1,1,3,3,3,3]/r+1/162*hb^2/La^2
*B[r,1,2,3,3,1,1]*dB[r,1,1,1,1,3,3]/r-1/81*hb^2/La^2*B[r,1,2,2,1,1,2]*dB[r,1,1,3,3,1,1]/r-71/972*hb^2/La^2*A[r,1,3,3,1,
2]*B[r,1,1,1,1,1,1]/r-65/486*hb^2/La^2*A[r,1,1,1,1,2]*B[r,1,1,3,3,1,1]/r-1/81*hb^2/La^2*B[r,1,2,3,3,1,1]*A[r,1,1,2,3,3]
/r+1/162*hb^2/La^2*A[r,1,1,1,1,2]*B[r,1,1,1,3,1,3]/r+145/972*hb^2/La^2*A[r,1,3,3,1,2]*B[r,1,1,1,2,1,2]/r-7/243*hb^2/La^
2*A[r,1,2,1,1,1]*B[r,1,1,1,1,1,1]/r+13/972*hb^2/La^2*A[r,1,3,2,1,3]*B[r,1,1,1,1,1,1]/r+13/162*hb^2/La^2*A[r,1,2,3,1,3]*
B[r,1,1,1,1,3,3]/r-11/162*hb^2/La^2*A[r,1,2,1,1,1]*B[r,1,1,3,3,3,3]/r+13/243*hb^2/La^2*A[r,1,3,3,1,2]*B[r,1,1,3,3,1,1]/
r+4/81*dB[r,1,1,1,1,3,3]*hb^2/La^2*B[r,1,1,1,1,1,1]/r-2/81*dB[r,1,1,1,1,3,3]*hb^2/La^2*B[r,1,1,1,2,1,2]/r-2/81*hb^2/La^
2*B[r,1,1,1,1,1,1]*dB[r,1,1,1,2,1,2]/r+2/81*hb^2/La^2*dB[r,1,1,1,1,1,1]*B[r,1,1,1,2,1,2]/r+10/81*hb^2/La^2*B[r,1,1,1,2,
1,2]*dB[r,1,1,1,2,1,2]/r+2/81*hb^2/La^2*B[r,1,1,1,1,1,1]*dB[r,1,1,1,1,1,1]/r+2/243*A[r,1,3,2,1,3]*DD[r,3,3]/r-4/81*DD[r
,3,3]*A[r,1,1,2,3,3]/r-8/81*DD[r,1,1]*A[r,1,2,3,3,1]/r+4/81*DD[r,3,3]*A[r,1,3,2,3,1]/r-2/243*A[r,1,3,2,1,3]*DD[r,1,1]/r
-8/81*DD[r,3,3]*A[r,1,2,1,1,1]/r-26/243*DD[r,3,3]*A[r,1,1,2,1,1]/r+2/81*A[r,1,2,3,1,3]*DD[r,3,3]/r-8/81*A[r,1,2,3,1,3]*
DD[r,1,1]/r+14/81*DD[r,1,1]*A[r,1,2,1,1,1]/r+26/243*DD[r,1,1]*A[r,1,1,2,1,1]/r-1/27*hb^2/La^2*B0[r,1,1,3,3]*dB[r,1,1,3,
3,3,3]/r-1/27*hb^2/La^2*dB0[r,1,1,3,3]*B[r,1,1,3,3,3,3]/r-2/27*hb^2/La^2*B0[r,1,2,1,1]*dB[r,1,2,3,3,1,1]/r-2/27*hb^2/La
^2*dB0[r,1,2,1,1]*B[r,1,2,3,3,1,1]/r-2/27*hb^2/La^2*A[r,1,1,2,3,3]*B0[r,1,1,3,3]/r+2/27*hb^2/La^2*A[r,1,3,2,3,1]*B0[r,1
,1,1,1]/r+2/27*hb^2/La^2*A[r,1,1,2,3,3]*B0[r,1,2,3,3]/r+2/27*hb^2/La^2*A[r,1,2,3,3,1]*B0[r,1,2,1,1]/r+2/243*hb^2/La^2*B
[r,1,2,1,3,1,3]*dB[r,1,1,3,3,3,3]/r+1/27*hb^2/La^2*B0[r,1,1,3,3]*dB[r,1,1,1,1,3,3]/r+1/27*hb^2/La^2*dB0[r,1,1,3,3]*B[r,
1,1,1,1,3,3]/r+1/27*hb^2/La^2*B[r,1,2,3,3,1,1]*dB[r,1,2,2,2,1,1]/r+37/243*hb^2/La^2*A[r,1,2,3,1,3]*B[r,1,1,1,1,1,1]/r-\
11/81*hb^2/La^2*A[r,1,2,3,1,3]*B[r,1,1,1,2,1,2]/r+191/972*hb^2/La^2*A[r,1,1,1,1,2]*B[r,1,1,1,1,1,1]/r+8/81*hb^2/La^2*A[
r,1,2,1,1,1]*B[r,1,1,1,2,1,2]/r+197/972*hb^2/La^2*A[r,1,1,2,1,1]*B[r,1,1,1,1,1,1]/r+103/972*hb^2/La^2*A[r,1,1,1,1,2]*B[
r,1,1,1,1,3,3]/r-1/972*hb^2/La^2*A[r,1,3,3,1,2]*B[r,1,2,3,1,1,3]/r+67/972*hb^2/La^2*A[r,1,3,3,1,2]*B[r,1,2,2,1,1,2]/r+2
/81*hb^2/La^2*B[r,1,2,3,1,1,3]*dB[r,1,1,1,2,1,2]/r-19/972*hb^2/La^2*A[r,1,3,2,1,3]*B[r,1,1,1,2,1,2]/r-1/486*hb^2/La^2*A
[r,1,2,3,1,3]*B[r,1,1,1,3,1,3]/r-16/243*hb^2/La^2*A[r,1,1,1,1,2]*B[r,1,2,2,1,1,2]/r-1/243*hb^2/La^2*B[r,1,1,1,1,3,3]*A[
r,1,1,2,3,3]/r-19/243*dB[r,1,1,1,2,1,2]*hb^2/La^2*B[r,1,1,1,1,3,3]/r+19/243*dB[r,1,1,1,1,1,1]*hb^2/La^2*B[r,1,1,1,1,3,3
]/r-1/162*hb^2/La^2*B[r,1,2,2,1,1,2]*dB[r,1,1,3,3,3,3]/r+19/972*hb^2/La^2*A[r,1,1,1,1,2]*B[r,1,2,3,1,1,3]/r-2/27*hb^2/
La^2*B[r,1,2,2,2,1,1]*dB[r,1,2,2,2,1,1]/r-1/27*hb^2/La^2*B[r,1,2,1,1,3,3]*dB[r,1,2,1,1,3,3]/r+19/243*hb^2/La^2*B[r,1,1,
1,1,3,3]*A[r,1,3,2,3,1]/r+4/81*hb^2/La^2*B[r,1,1,1,1,1,1]*A[r,1,1,2,3,3]/r-8/81*hb^2/La^2*A[r,1,1,2,3,3]*B[r,1,1,1,2,1,
2]/r+2/81*hb^2/La^2*A[r,1,3,2,3,1]*B[r,1,1,1,1,1,1]/r-10/81*hb^2/La^2*A[r,1,3,2,3,1]*B[r,1,1,1,2,1,2]/r-131/972*hb^2/La
^2*A[r,1,1,2,1,1]*B[r,1,1,1,2,1,2]/r-4/81*hb^2/La^2*B[r,1,2,3,1,1,3]*A[r,1,1,2,3,3]/r-4/81*hb^2/La^2*B[r,1,2,2,1,1,2]*A
[r,1,2,3,3,1]/r-2/81*hb^2/La^2*B[r,1,2,3,1,1,3]*dB[r,1,1,1,1,1,1]/r-1/81*hb^2/La^2*B[r,1,2,3,1,1,3]*dB[r,1,1,1,1,3,3]/r
-7/972*hb^2/La^2*A[r,1,1,2,1,1]*B[r,1,2,1,1,3,3]/r+65/972*hb^2/La^2*A[r,1,1,2,1,1]*B[r,1,1,3,1,3,1]/r-2/81*hb^2/La^2*B[
r,1,2,3,1,1,3]*A[r,1,3,2,3,1]/r+55/972*hb^2/La^2*A[r,1,1,1,1,2]*B[r,1,2,3,3,1,1]/r-19/972*hb^2/La^2*A[r,1,3,3,1,2]*B[r,
1,2,3,3,1,1]/r-5/162*dB[r,1,1,1,1,1,1]*hb^2/La^2*B[r,1,1,3,3,3,3]/r+17/486*hb^2/La^2*A[r,1,2,1,1,1]*B[r,1,2,1,2,1,2]/r+
1/162*hb^2/La^2*A[r,1,2,3,1,3]*B[r,1,2,3,3,1,1]/r-1/81*hb^2/La^2*B[r,1,2,1,2,1,2]*dB[r,1,1,3,3,3,3]/r+7/81*hb^2/La^2*B[
r,1,2,3,3,1,1]*A[r,1,2,1,1,1]/r-97/972*hb^2/La^2*A[r,1,1,2,1,1]*B[r,1,1,3,3,3,3]/r+1/108*hb^2/La^2*A[r,1,3,2,1,3]*B[r,1
,2,2,2,1,1]/r-53/486*hb^2/La^2*A[r,1,2,3,1,3]*B[r,1,2,1,3,1,3]/r+23/972*hb^2/La^2*A[r,1,1,2,1,1]*B[r,1,2,3,1,1,3]/r-8/
81*hb^2/La^2*B[r,1,1,3,3,1,1]*A[r,1,1,2,1,1]/r-4/243*hb^2/La^2*B[r,1,2,3,3,3,3]*A[r,1,2,3,3,1]/r+5/486*hb^2/La^2*B[r,1,
1,1,3,1,3]*A[r,1,1,2,1,1]/r+1/243*hb^2/La^2*A[r,1,3,2,1,3]*B[r,1,2,2,1,1,2]/r+1/162*hb^2/La^2*B[r,1,2,3,3,3,3]*A[r,1,3,
2,3,1]/r+8/243*hb^2/La^2*B[r,1,2,1,3,1,3]*A[r,1,1,2,3,3]/r-1/81*hb^2/La^2*B[r,1,1,3,1,3,1]*dB[r,1,1,3,3,1,1]/r+1/243*hb
^2/La^2*B[r,1,2,1,3,1,3]*dB[r,1,1,1,1,1,1]/r+5/972*hb^2/La^2*B[r,1,2,2,1,1,2]*dB[r,1,1,1,1,3,3]/r+1/81*hb^2/La^2*B[r,1,
2,3,1,1,3]*dB[r,1,1,3,3,1,1]/r+2/243*hb^2/La^2*B[r,1,2,2,2,1,1]*dB[r,1,1,1,2,1,2]/r-2/243*hb^2/La^2*dB[r,1,1,1,1,1,1]*B
[r,1,2,2,2,1,1]/r-5/486*hb^2/La^2*B[r,1,2,1,2,1,2]*dB[r,1,1,1,1,1,1]/r+5/486*hb^2/La^2*B[r,1,2,1,2,1,2]*dB[r,1,1,1,2,1,
2]/r+5/162*hb^2/La^2*B[r,1,2,3,3,3,3]*A[r,1,1,2,3,3]/r-7/972*hb^2/La^2*A[r,1,1,2,1,1]*B[r,1,2,1,2,1,2]/r+1/486*hb^2/La^
2*A[r,1,1,2,1,1]*B[r,1,2,1,3,1,3]/r-1/162*hb^2/La^2*B[r,1,1,3,3,3,3]*A[r,1,1,2,3,3]/r-41/972*hb^2/La^2*A[r,1,3,2,1,3]*B
[r,1,1,3,3,3,3]/r+8/243*hb^2/La^2*B[r,1,1,1,3,1,3]*A[r,1,3,2,3,1]/r-8/243*hb^2/La^2*B[r,1,1,1,3,1,3]*A[r,1,1,2,3,3]/r-8
/243*hb^2/La^2*B[r,1,2,1,3,1,3]*A[r,1,3,2,3,1]/r-23/486*hb^2/La^2*B[r,1,2,1,2,1,2]*A[r,1,3,2,3,1]/r+1/81*hb^2/La^2*B[r,
1,2,1,1,3,3]*A[r,1,2,3,3,1]/r+1/324*hb^2/La^2*B[r,1,2,3,3,3,3]*dB[r,1,1,1,1,3,3]/r+1/162*hb^2/La^2*B[r,1,2,3,3,3,3]*dB[
r,1,1,1,1,1,1]/r-1/162*hb^2/La^2*B[r,1,2,3,3,3,3]*dB[r,1,1,1,2,1,2]/r-1/243*hb^2/La^2*B[r,1,2,2,2,1,1]*dB[r,1,1,1,1,3,3
]/r+5/486*hb^2/La^2*B[r,1,2,2,1,1,2]*dB[r,1,1,1,1,1,1]/r-5/486*hb^2/La^2*B[r,1,2,2,1,1,2]*dB[r,1,1,1,2,1,2]/r+4/81*dB[r
,1,1,3,3,1,1]*hb^2/La^2*B[r,1,1,1,2,1,2]/r-1/54*dB[r,1,1,3,3,1,1]*hb^2/La^2*B[r,1,1,1,1,3,3]/r-5/243*dB[r,1,1,1,1,1,1]*
hb^2/La^2*B[r,1,1,3,3,1,1]/r+4/243*hb^2/La^2*B[r,1,1,3,3,1,1]*A[r,1,3,2,3,1]/r-17/486*dB[r,1,1,3,3,3,3]*hb^2/La^2*B[r,1
,1,1,1,1,1]/r+7/162*dB[r,1,1,3,3,3,3]*hb^2/La^2*B[r,1,1,1,2,1,2]/r-1/324*hb^2/La^2*B[r,1,2,1,1,3,3]*dB[r,1,1,3,3,3,3]/r
-1/162*hb^2/La^2*B[r,1,2,1,1,3,3]*dB[r,1,1,3,3,1,1]/r+5/243*dB[r,1,1,1,2,1,2]*hb^2/La^2*B[r,1,1,3,3,1,1]/r+5/162*dB[r,1
,1,1,2,1,2]*hb^2/La^2*B[r,1,1,3,3,3,3]/r-11/243*hb^2/La^2*A[r,1,3,2,3,1]*B[r,1,2,2,2,1,1]/r-31/486*hb^2/La^2*A[r,1,3,2,
3,1]*B[r,1,2,2,1,1,2]/r-8/243*dB[r,1,1,3,3,1,1]*hb^2/La^2*B[r,1,1,1,1,1,1]/r+5/972*hb^2/La^2*A[r,1,1,2,1,1]*B[r,1,2,3,3
,3,3]/r+14/243*hb^2/La^2*B[r,1,1,3,3,1,1]*A[r,1,1,2,3,3]/r-1/243*hb^2/La^2*B[r,1,2,1,3,1,3]*dB[r,1,1,1,2,1,2]/r+1/162*
hb^2/La^2*B[r,1,2,3,1,1,3]*dB[r,1,1,3,3,3,3]/r+1/243*hb^2/La^2*B[r,1,1,1,3,1,3]*dB[r,1,1,1,2,1,2]/r+1/162*hb^2/La^2*B[r
,1,1,3,3,3,3]*A[r,1,3,2,3,1]/r+1/81*hb^2/La^2*B[r,1,2,3,1,1,3]*A[r,1,2,3,3,1]/r+2/243*hb^2/La^2*B[r,1,2,2,2,1,1]*A[r,1,
1,2,3,3]/r-1/972*hb^2/La^2*A[r,1,2,3,1,3]*B[r,1,2,3,3,3,3]/r-5/972*hb^2/La^2*A[r,1,3,2,1,3]*B[r,1,2,3,3,3,3]/r-2/81*hb^
2/La^2*A[r,1,3,3,1,2]*B[r,1,2,1,3,1,3]/r-5/81*hb^2/La^2*A[r,1,1,1,1,2]*B[r,1,2,1,3,1,3]/r-1/36*hb^2/La^2*A[r,1,1,1,1,2]
*B[r,1,2,1,2,1,2]/r-7/324*hb^2/La^2*A[r,1,1,1,1,2]*B[r,1,2,3,3,3,3]/r+2/27*hb^2/La*A[r,1,1,2,3,3]/r+8/81*DD[r,1,1]*A[r,
1,1,2,3,3]/r+8/81*dB[r,1,1,1,2,1,2]*DD[r,1,1]/r-4/81*dB[r,1,1,1,1,3,3]*DD[r,1,1]/r-8/81*dB[r,1,1,1,1,1,1]*DD[r,1,1]/r+4
/243*hb^2/La^2*B[r,1,2,1,1,3,3]*A[r,1,1,1,1,2]/r-7/972*hb^2/La^2*A[r,1,3,3,1,2]*B[r,1,2,1,1,3,3]/r+11/972*hb^2/La^2*A[r
,1,3,3,1,2]*B[r,1,1,3,1,3,1]/r-253/972*hb^2/La^2*A[r,1,1,1,1,2]*B[r,1,1,1,2,1,2]/r-43/486*hb^2/La^2*A[r,1,2,1,1,1]*B[r,
1,1,3,3,1,1]/r+1/324*hb^2/La^2*A[r,1,2,3,1,3]*B[r,1,1,3,3,3,3]/r-17/486*hb^2/La^2*A[r,1,2,1,1,1]*B[r,1,2,2,1,1,2]/r-89/
972*hb^2/La^2*A[r,1,1,1,1,2]*B[r,1,2,2,2,1,1]/r-1/27*hb^2/La^2*A[r,1,2,3,1,3]*B[r,1,2,1,1,3,3]/r+1/81*hb^2/La^2*B[r,1,2
,3,3,1,1]*A[r,1,3,2,3,1]/r+1/162*hb^2/La^2*A[r,1,2,1,1,1]*B[r,1,1,3,1,3,1]/r-4/81*hb^2/La^2*B[r,1,2,2,2,1,1]*A[r,1,2,3,
3,1]/r+1/81*hb^2/La^2*B[r,1,2,3,3,1,1]*dB[r,1,1,1,1,1,1]/r-1/81*hb^2/La^2*B[r,1,2,3,3,1,1]*dB[r,1,1,1,2,1,2]/r-1/18*hb^
2/La^2*A[r,1,2,3,1,3]*B[r,1,1,3,1,3,1]/r+2/243*hb^2/La^2*A[r,1,2,1,1,1]*B[r,1,1,1,3,1,3]/r+2/243*hb^2/La^2*A[r,1,2,3,1,
3]*B[r,1,1,3,3,1,1]/r+65/972*hb^2/La^2*A[r,1,3,3,1,2]*B[r,1,2,2,2,1,1]/r+13/486*hb^2/La^2*A[r,1,3,3,1,2]*B[r,1,1,3,3,3,
3]/r+7/243*hb^2/La^2*A[r,1,2,3,3,1]*B[r,1,1,1,1,1,1]/r-11/81*hb^2/La^2*A[r,1,2,3,3,1]*B[r,1,1,1,2,1,2]/r-1/162*hb^2/La^
2*B[r,1,1,3,1,3,1]*dB[r,1,1,3,3,3,3]/r-1/243*hb^2/La^2*B[r,1,1,1,3,1,3]*dB[r,1,1,1,1,1,1]/r-1/486*hb^2/La^2*B[r,1,1,1,3
,1,3]*dB[r,1,1,1,1,3,3]/r+5/486*hb^2/La^2*A[r,1,1,2,3,3]*B[r,1,2,1,2,1,2]/r-5/486*hb^2/La^2*A[r,1,1,2,3,3]*B[r,1,2,2,1,
1,2]/r+1/486*hb^2/La^2*B[r,1,2,1,3,1,3]*dB[r,1,1,1,1,3,3]/r+7/972*hb^2/La^2*A[r,1,3,2,1,3]*B[r,1,2,1,2,1,2]/r-5/972*hb^
2/La^2*B[r,1,2,1,2,1,2]*dB[r,1,1,1,1,3,3]/r-1/486*hb^2/La^2*A[r,1,3,2,1,3]*B[r,1,2,1,3,1,3]/r-1/81*hb^2/La^2*B[r,1,1,3,
1,3,1]*A[r,1,2,3,3,1]/r+1/108*dB[r,1,1,3,3,3,3]*hb^2/La^2*B[r,1,1,1,1,3,3]/r-7/243*dB[r,1,1,1,1,3,3]*hb^2/La^2*B[r,1,1,
3,3,1,1]/r+1/324*dB[r,1,1,1,1,3,3]*hb^2/La^2*B[r,1,1,3,3,3,3]/r-22/243*DD[r,3,3]*A[r,1,1,1,1,2]/r+14/243*A[r,1,3,3,1,2]
*DD[r,1,1]/r+4/243*A[r,1,1,1,1,2]*DD[r,1,1]/r+4/243*A[r,1,3,3,1,2]*DD[r,3,3]/r+1/54*hb^2/La^2*B[r,1,2,3,3,3,3]*dB[r,1,2
,1,1,3,3]/r+1/54*hb^2/La^2*B[r,1,2,1,1,3,3]*dB[r,1,2,3,3,3,3]/r-1/27*hb^2/La^2*B[r,1,1,1,3,1,3]*dB[r,1,1,3,1,3,1]/r-1/
27*hb^2/La^2*B[r,1,1,3,1,3,1]*dB[r,1,1,1,3,1,3]/r+1/54*hb^2/La^2*B[r,1,2,3,3,1,1]*dB[r,1,2,1,2,1,2]/r+1/27*hb^2/La^2*B[
r,1,2,2,2,1,1]*dB[r,1,2,3,3,1,1]/r-4/243*hb^2/La^2*B[r,1,1,3,1,3,1]*A[r,1,3,2,3,1]/r+4/27*hb^2/La^2*A[r,1,2,3,3,1]*B0[r
,1,1,1,1]/r+4/27*hb^2/La^2*A[r,1,3,2,3,1]*B0[r,1,2,1,1]/r+4/81*dB[r,1,1,1,1,1,1]*DD[r,3,3]/r-4/81*dB[r,1,1,1,2,1,2]*DD[
r,3,3]/r+2/81*dB[r,1,1,3,3,3,3]*DD[r,1,1]/r+2/81*dB[r,1,1,1,1,3,3]*DD[r,3,3]/r+4/81*dB[r,1,1,3,3,1,1]*DD[r,1,1]/r+1/9*
hb^2/La*A[r,1,3,3,1,2]/r-1/9*hb^2/La*A[r,1,2,3,1,3]/r-1/9*hb^2/La*A[r,1,1,1,1,2]/r+1/9*hb^2/La*A[r,1,2,1,1,1]/r-1/9*hb^
2/La^2*A[r,1,3,3,1,2]*B0[r,1,1,1,1]/r+1/9*hb^2/La^2*A0[r,1,1,2]*B[r,1,1,3,3,1,1]/r-1/9*hb^2/La^2*A[r,1,3,3,1,2]*B0[r,1,
2,1,1]/r-8/81*DD[r,1,1]*A[r,1,3,2,3,1]/r+41/972*hb^2/La^2*A[r,1,1,2,1,1]*B[r,1,2,3,3,1,1]/r+1/972*hb^2/La^2*A[r,1,3,2,1
,3]*B[r,1,1,3,1,3,1]/r-1/81*hb^2/La^2*A[r,1,2,3,1,3]*B[r,1,2,3,1,1,3]/r-25/486*hb^2/La^2*A[r,1,3,2,1,3]*B[r,1,1,1,1,3,3
]/r+1/972*hb^2/La^2*A[r,1,2,3,1,3]*B[r,1,2,2,1,1,2]/r-89/972*hb^2/La^2*A[r,1,1,1,1,2]*B[r,1,1,3,3,3,3]/r-41/486*hb^2/La
^2*A[r,1,3,3,1,2]*B[r,1,1,1,1,3,3]/r-1/324*hb^2/La^2*A[r,1,2,1,1,1]*B[r,1,1,1,1,3,3]/r+26/243*hb^2/La^2*A[r,1,1,2,1,1]*
B[r,1,1,1,1,3,3]/r-1/108*hb^2/La^2*A[r,1,2,1,1,1]*B[r,1,2,1,1,3,3]/r-13/243*hb^2/La^2*A[r,1,2,1,1,1]*B[r,1,2,2,2,1,1]/r
-5/972*hb^2/La^2*A[r,1,3,2,1,3]*B[r,1,2,1,1,3,3]/r+5/162*hb^2/La^2*A[r,1,2,1,1,1]*B[r,1,2,3,1,1,3]/r-2/243*hb^2/La^2*A[
r,1,2,3,1,3]*B[r,1,2,2,2,1,1]/r+1/27*hb^2/La^2*B[r,1,2,2,1,1,2]*dB[r,1,2,1,2,1,2]/r-1/27*hb^2/La^2*B[r,1,2,2,2,1,1]*dB[
r,1,2,1,2,1,2]/r-1/27*hb^2/La^2*B[r,1,2,2,2,1,1]*dB[r,1,2,2,1,1,2]/r-1/27*hb^2/La^2*dB[r,1,2,2,2,1,1]*B[r,1,2,1,2,1,2]/
r-1/27*hb^2/La^2*dB[r,1,2,2,2,1,1]*B[r,1,2,2,1,1,2]/r+1/27*hb^2/La^2*B[r,1,2,1,2,1,2]*dB[r,1,2,2,1,1,2]/r+1/486*hb^2/La
^2*B[r,1,1,1,1,3,3]*dB[r,1,1,1,1,3,3]/r-1/81*hb^2/La^2*B[r,1,2,2,2,1,1]*dB[r,1,1,3,3,1,1]/r+1/972*hb^2/La^2*A[r,1,3,2,1
,3]*B[r,1,2,3,3,1,1]/r-2/243*hb^2/La^2*B[r,1,1,3,1,3,1]*dB[r,1,1,1,1,3,3]/r+4/243*hb^2/La^2*B[r,1,1,3,1,3,1]*dB[r,1,1,1
,2,1,2]/r-4/243*hb^2/La^2*B[r,1,1,3,1,3,1]*dB[r,1,1,1,1,1,1]/r+22/243*hb^2/La^2*B[r,1,1,3,1,3,1]*A[r,1,1,2,3,3]/r)/M+1/
27*hb^2/La^3*B[r,1,2,3,1,1,3]*B0[r,1,2,1,1]+1/27*hb^2/La^3*B[r,1,2,1,3,1,3]*B0[r,1,2,3,3]+1/27*hb^2/La^3*B[r,1,2,3,3,1,
1]*B0[r,1,2,1,1]+1/18*hb^2/La^3*B[r,1,2,3,3,3,3]*B0[r,1,2,3,3]-4/27*hb^2/La^3*B0[r,1,2,1,1]*B[r,1,1,1,1,3,3]-1/54*hb^2/
La^3*B[r,1,2,1,3,1,3]*B0[r,1,2,1,1]-1/54*hb^2/La^3*B[r,1,2,3,1,1,3]*B0[r,1,2,3,3]-5/486*hb^2/La^3*B[r,1,1,1,2,1,2]*B[r,
1,1,3,3,1,1]+1/243*hb^2/La^3*B[r,1,1,1,3,1,3]*B[r,1,1,1,2,1,2]-5/486*hb^2/La^3*B[r,1,1,1,1,1,1]*B[r,1,1,3,3,1,1]-1/432*
hb^2/La^3*B[r,1,2,3,3,3,3]*B[r,1,1,1,1,3,3]+11/486*hb^2/La^3*B[r,1,2,1,3,1,3]*B[r,1,1,1,1,1,1]-1/243*hb^2/La^3*B[r,1,2,
1,3,1,3]*B[r,1,1,1,2,1,2]+19/1944*hb^2/La^3*B[r,1,2,3,3,3,3]*B[r,1,1,1,1,1,1]-5/648*hb^2/La^3*B[r,1,2,3,3,3,3]*B[r,1,1,
1,2,1,2]+5/432*hb^2/La^3*B[r,1,2,2,1,1,2]*B[r,1,1,1,1,3,3]+17/1944*hb^2/La^3*B[r,1,2,1,1,3,3]*B[r,1,2,1,3,1,3]+1/648*hb
^2/La^3*B[r,1,2,3,3,3,3]*B[r,1,2,3,1,1,3]+1/243*hb^2/La^3*B[r,1,2,1,1,3,3]*B[r,1,2,2,2,1,1]-13/1296*hb^2/La^3*B[r,1,2,3
,3,3,3]*B[r,1,2,1,1,3,3]+5/486*hb^2/La^3*B[r,1,2,3,1,1,3]*B[r,1,2,1,3,1,3]+1/1944*hb^2/La^3*B[r,1,2,2,1,1,2]*B[r,1,1,3,
1,3,1]+1/324/La^3*hb^2*B[r,1,1,1,1,3,3]*B[r,1,1,3,3,1,1]+4/81*La/hb^2*DD[r,1,1]*DD[r,3,3]-1/486*hb^2/La^3*B[r,1,2,3,3,1
,1]*B[r,1,2,1,3,1,3]-1/243*hb^2/La^3*B[r,1,1,3,1,3,1]*B[r,1,2,2,2,1,1]+23/1944*hb^2/La^3*B[r,1,1,3,1,3,1]*B[r,1,2,1,2,1
,2]+2/243*hb^2/La^3*B[r,1,2,1,3,1,3]*B[r,1,1,3,1,3,1]-1/81*hb^2/La^3*B[r,1,2,1,1,3,3]*B[r,1,2,3,1,1,3]-19/972*hb^2/La^3
*B[r,1,2,1,3,1,3]*B[r,1,2,2,2,1,1]+19/972*hb^2/La^3*B[r,1,2,1,3,1,3]*B[r,1,2,2,1,1,2]-19/1944/La^3*B[r,1,2,3,3,1,1]*hb^
2*B[r,1,1,1,1,3,3]+1/324/La^3*B[r,1,2,1,1,3,3]*hb^2*B[r,1,1,1,1,1,1]-1/108/La^3*B[r,1,2,1,1,3,3]*hb^2*B[r,1,1,1,2,1,2]+
1/972/La^3*B[r,1,2,1,1,3,3]*hb^2*B[r,1,1,1,1,3,3]-25/324*hb^2/La^3*B[r,1,1,1,2,1,2]*B[r,1,1,1,1,1,1]+7/1944*hb^2/La^3*B
[r,1,2,3,3,3,3]*B[r,1,2,2,1,1,2]-7/1944*hb^2/La^3*B[r,1,2,3,3,3,3]*B[r,1,2,2,2,1,1]-1/972*hb^2/La^3*B[r,1,2,1,1,3,3]*B[
r,1,1,3,1,3,1]-1/243/La^3*B[r,1,2,2,1,1,2]*hb^2*B[r,1,1,3,3,1,1]-7/648/La^3*B[r,1,2,2,1,1,2]*hb^2*B[r,1,1,3,3,3,3]+11/
648*hb^2/La^3*B[r,1,2,2,1,1,2]*B[r,1,2,2,2,1,1]+5/216*hb^2/La^3*B[r,1,2,1,2,1,2]*B[r,1,2,2,2,1,1]-5/216*hb^2/La^3*B[r,1
,2,1,2,1,2]*B[r,1,2,2,1,1,2]+5/216*hb^2/La^3*B[r,1,1,1,1,1,1]*B[r,1,2,1,2,1,2]-13/1944*hb^2/La^3*B[r,1,1,1,2,1,2]*B[r,1
,2,1,2,1,2]+11/972*hb^2/La^3*B[r,1,2,2,2,1,1]*B[r,1,1,1,1,1,1]+29/1944*hb^2/La^3*B[r,1,2,2,1,1,2]*B[r,1,1,1,1,1,1]-1/
1944*hb^2/La^3*B[r,1,2,3,1,1,3]*B[r,1,2,2,1,1,2]+1/486*hb^2/La^3*B[r,1,2,3,3,1,1]*B[r,1,1,1,3,1,3]-1/486*hb^2/La^3*B[r,
1,2,3,3,1,1]*B[r,1,2,2,1,1,2]+5/3888*hb^2/La^3*B[r,1,2,1,1,3,3]*B[r,1,2,1,2,1,2]-13/972*hb^2/La^3*B[r,1,2,2,2,1,1]*B[r,
1,1,1,2,1,2]+7/1944*hb^2/La^3*B[r,1,2,2,1,1,2]*B[r,1,1,1,2,1,2]+2/243*hb^2/La^3*B[r,1,2,3,1,1,3]*B[r,1,1,1,3,1,3]-1/486
*hb^2/La^3*B[r,1,2,3,3,1,1]*B[r,1,1,3,3,1,1]+1/243*hb^2/La^3*B[r,1,2,3,1,1,3]*B[r,1,1,3,3,1,1]-1/243*hb^2/La^3*B[r,1,1,
3,1,3,1]*B[r,1,1,3,3,1,1]+5/486*hb^2/La^3*B[r,1,1,3,1,3,1]*B[r,1,1,1,3,1,3]+7/3888*hb^2/La^3*B[r,1,2,1,1,3,3]*B[r,1,2,2
,1,1,2]+1/648*hb^2/La^3*B[r,1,2,3,1,1,3]*B[r,1,1,3,3,3,3]+17/1296*hb^2/La^3*B[r,1,1,1,1,3,3]*B[r,1,2,1,2,1,2]+1/108*hb^
2/La^3*B[r,1,1,1,1,3,3]*B[r,1,2,2,2,1,1]+5/648*hb^2/La^3*B[r,1,2,1,3,1,3]*B[r,1,1,1,1,3,3]-1/648*hb^2/La^3*B[r,1,2,3,3,
3,3]*B[r,1,1,3,1,3,1]-8/243*hb^2/La^3*B[r,1,2,3,3,1,1]*B[r,1,2,2,2,1,1]-5/972*hb^2/La^3*B[r,1,2,3,3,3,3]*B[r,1,1,3,3,3,
3]-4/81*La/hb^2*DD[r,1,1]^2-1/81/La*B[r,1,2,2,2,1,1]*DD[r,3,3]+1/81/La*B[r,1,2,3,3,1,1]*DD[r,1,1]-4/81/La*DD[r,1,1]*B[r
,1,1,1,2,1,2]+19/243/La*DD[r,1,1]*B[r,1,1,1,1,3,3]-1/243/La*B[r,1,1,1,3,1,3]*DD[r,1,1]-14/243/La*DD[r,1,1]*B[r,1,1,3,3,
1,1]-5/162/La*DD[r,1,1]*B[r,1,1,3,3,3,3]-17/243/La*B[r,1,1,1,1,1,1]*DD[r,3,3]+7/81/La*B[r,1,1,1,2,1,2]*DD[r,3,3]-1/54/
La*B[r,1,1,1,1,3,3]*DD[r,3,3]+1/243/La*B[r,1,2,1,3,1,3]*DD[r,1,1]+1/486*hb^2/La^3*B[r,1,2,3,3,1,1]*B[r,1,1,3,1,3,1]+1/
243*hb^2/La^3*B[r,1,2,3,1,1,3]*B[r,1,2,2,2,1,1]-23/1944*hb^2/La^3*B[r,1,2,3,1,1,3]*B[r,1,2,1,2,1,2]-17/1944*hb^2/La^3*B
[r,1,2,1,1,3,3]*B[r,1,1,1,3,1,3]+7/972/La^3*B[r,1,2,1,1,3,3]*hb^2*B[r,1,1,3,3,1,1]-7/1296/La^3*B[r,1,2,1,1,3,3]*hb^2*B[
r,1,1,3,3,3,3]-17/648*hb^2/La^3*B[r,1,1,3,3,3,3]*B[r,1,1,1,2,1,2]-11/486*hb^2/La^3*B[r,1,1,1,3,1,3]*B[r,1,1,1,1,1,1]-5/
648*hb^2/La^3*B[r,1,1,1,3,1,3]*B[r,1,1,1,1,3,3]-7/432*hb^2/La^3*B[r,1,1,3,3,3,3]*B[r,1,1,1,1,3,3]-1/648*hb^2/La^3*B[r,1
,1,3,1,3,1]*B[r,1,1,3,3,3,3]-5/1944*hb^2/La^3*B[r,1,1,3,3,3,3]*B[r,1,1,1,1,1,1]-7/324*hb^2/La^3*B[r,1,1,3,3,3,3]*B[r,1,
2,1,2,1,2]-2/243/La^3*B[r,1,2,3,3,3,3]*hb^2*B[r,1,1,3,3,1,1]-1/27*hb^2/La^3*B[r,1,2,1,3,1,3]*B[r,1,1,1,3,1,3]-5/243/La^
3*B[r,1,2,1,3,1,3]*hb^2*B[r,1,1,3,3,1,1]+1/486*hb^2/La^3*B[r,1,2,1,2,1,2]*B[r,1,1,1,3,1,3]-4/27*hb^2/La^3*B0[r,1,1,3,3]
*B[r,1,1,1,1,1,1]-2/27*hb^2/La^3*B0[r,1,1,1,1]*B[r,1,1,1,1,3,3]+4/27*hb^2/La^3*B0[r,1,2,3,3]*B[r,1,1,1,1,1,1]+4/27*hb^2
/La^3*B0[r,1,1,3,3]*B[r,1,1,1,2,1,2]-4/27*hb^2/La^3*B0[r,1,2,3,3]*B[r,1,1,1,2,1,2]-2/27*hb^2/La^3*B[r,1,2,2,2,1,1]*B0[r
,1,2,1,1]-2/9*hb^2/La^3*B[r,1,1,1,1,1,1]*B0[r,1,1,1,1]-2/243*hb^2/La^3*B[r,1,1,3,3,1,1]*B[r,1,2,1,2,1,2]-5/54*hb^2/La^3
*B[r,1,1,1,1,3,3]*B0[r,1,1,3,3]+4/27*hb^2/La^3*B[r,1,1,1,2,1,2]*B0[r,1,1,1,1]-1/54*hb^2/La^3*B[r,1,1,3,1,3,1]*B0[r,1,1,
1,1]-1/54*hb^2/La^3*B[r,1,1,3,1,3,1]*B0[r,1,1,3,3]+1/18*hb^2/La^3*B[r,1,1,1,1,3,3]*B0[r,1,2,3,3]-1/54*hb^2/La^3*B[r,1,2
,1,1,3,3]*B0[r,1,1,3,3]+7/54*hb^2/La^3*B[r,1,1,3,3,1,1]*B0[r,1,2,1,1]-1/54*hb^2/La^3*B[r,1,2,3,3,1,1]*B0[r,1,1,1,1]+1/
486*hb^2/La^3*B[r,1,2,3,3,1,1]*B[r,1,2,1,2,1,2]+2/27*hb^2/La^3*B0[r,1,2,1,1]*B[r,1,1,3,3,3,3]+1/54*hb^2/La^3*B[r,1,2,3,
1,1,3]*B0[r,1,1,1,1]+1/54*hb^2/La^3*B[r,1,1,3,1,3,1]*B0[r,1,2,3,3]+1/54*hb^2/La^3*B[r,1,1,1,3,1,3]*B0[r,1,2,1,1]+1/54*
hb^2/La^3*B[r,1,2,3,1,1,3]*B0[r,1,1,3,3]-1/54*hb^2/La^3*B[r,1,2,1,1,3,3]*B0[r,1,2,3,3]-2/27*hb^2/La^3*B[r,1,2,1,2,1,2]*
B0[r,1,2,1,1]-2/27*hb^2/La^3*B[r,1,2,2,1,1,2]*B0[r,1,2,1,1]+1/27*hb^2/La^3*B[r,1,1,1,3,1,3]*B0[r,1,1,1,1]+1/27*hb^2/La^
3*B[r,1,1,1,3,1,3]*B0[r,1,1,3,3]+1/3*hb^2/La^3*B[r,1,1,3,3,1,1]*B0[r,1,1,1,1]+1/18*hb^2/La^3*B[r,1,1,3,3,3,3]*B0[r,1,1,
3,3]+2/243/La*B[r,1,2,3,3,3,3]*DD[r,3,3]-2/81/La*B[r,1,2,1,2,1,2]*DD[r,3,3]-1/81/La*B[r,1,1,3,1,3,1]*DD[r,3,3]+1/81/La*
B[r,1,2,3,1,1,3]*DD[r,3,3]-2/243/La*DD[r,1,1]*B[r,1,2,2,2,1,1]-5/486/La*DD[r,1,1]*B[r,1,2,1,2,1,2]+5/486/La*DD[r,1,1]*B
[r,1,2,2,1,1,2]+1/162/La*B[r,1,2,3,3,3,3]*DD[r,1,1]-1/162/La*B[r,1,2,1,1,3,3]*DD[r,3,3]-1/27*hb^2/La^2*B[r,1,1,1,2,1,2]
+1/54*hb^2/La^2*B[r,1,1,3,1,3,1]+1/108*hb^2/La^2*B[r,1,2,3,3,1,1]-1/54*hb^2/La^2*B[r,1,2,3,1,1,3]+1/108*hb^2/La^2*B[r,1
,2,1,1,3,3]-4/243/La*B[r,1,1,3,1,3,1]*DD[r,1,1]-1/54*hb^2/La^2*B[r,1,2,2,2,1,1]+1/54*hb^2/La^2*B[r,1,2,2,1,1,2]-1/18*hb
^2/La^2*B[r,1,1,3,3,1,1]-5/108*hb^2/La^2*B[r,1,1,3,3,3,3]+2/27*hb^2/La^2*B[r,1,1,1,1,1,1]+1/36*hb^2/La^2*B[r,1,1,1,1,3,
3]+2/27*DD[r,3,3]-2/27*DD[r,1,1]-1/486*hb^2/La^3*B[r,1,2,3,3,3,3]*B[r,1,1,1,3,1,3]+4/27*hb^2/La^3*B0[r,1,1,1,1]*B[r,1,1
,3,3,3,3]-5/486/La^3*B[r,1,2,1,3,1,3]*hb^2*B[r,1,1,3,3,3,3]-7/27*hb^2/La^3*B[r,1,1,1,1,1,1]*B0[r,1,2,1,1]-1/27*hb^2/La^
3*B[r,1,2,2,1,1,2]*B0[r,1,1,1,1]+1/27*hb^2/La^3*B[r,1,2,2,2,1,1]*B0[r,1,1,1,1]+5/27*hb^2/La^3*B[r,1,1,1,2,1,2]*B0[r,1,2
,1,1]
