-1/108*hb^2/La^3*B[r,1,2,1,1,3,3]*B[r,1,2,3,3,1,1]+1/18*hb^2/La^3*B[r,1,2,2,1,1,2]*B[r,1,1,1,3,1,3]-1/18*hb^2/La^3*B[r,
1,2,2,2,1,1]*B[r,1,1,1,3,1,3]-1/2*hb^2/La^3*B[r,1,1,1,1,3,3]*B[r,1,1,1,1,1,1]+25/54*hb^2/La^3*B[r,1,1,1,1,3,3]*B[r,1,1,
1,2,1,2]-1/54/La^3*B[r,1,2,3,1,1,3]*hb^2*B[r,1,1,1,2,1,2]+1/27/La^3*B[r,1,2,3,1,1,3]*hb^2*B[r,1,1,1,1,3,3]+1/18*hb^2/La
^3*B[r,1,2,3,1,1,3]*B[r,1,1,3,1,3,1]-5/108/La^3*B[r,1,2,2,2,1,1]*hb^2*B[r,1,1,3,3,3,3]-1/27/La^3*B[r,1,2,3,3,1,1]*hb^2*
B[r,1,1,1,1,1,1]-2/27/La^3*B[r,1,2,3,3,1,1]*hb^2*B[r,1,1,1,2,1,2]-1/54/La^3*B[r,1,1,3,1,3,1]*hb^2*B[r,1,1,1,1,1,1]+1/18
/La^3*B[r,1,1,3,1,3,1]*hb^2*B[r,1,1,1,2,1,2]+1/18/La^3*B[r,1,1,3,1,3,1]*hb^2*B[r,1,1,1,1,3,3]+1/27/La^3*B[r,1,1,1,3,1,3
]*hb^2*B[r,1,1,3,3,1,1]-1/27/La^3*B[r,1,2,2,2,1,1]*hb^2*B[r,1,1,3,3,1,1]+7/54/La^3*B[r,1,2,3,1,1,3]*hb^2*B[r,1,1,1,1,1,
1]-7/27*hb^2/La^3*B[r,1,1,3,3,3,3]*B[r,1,1,3,3,1,1]-23/108*hb^2/La^3*B[r,1,1,1,1,1,1]^2+13/108*hb^2/La^3*B[r,1,2,1,1,3,
3]^2-1/9*hb^2/La^3*B[r,1,1,3,3,1,1]^2+1/54*hb^2/La^3*B[r,1,1,3,3,3,3]^2+17/54*hb^2/La^3*B[r,1,1,1,3,1,3]^2+11/36*hb^2/
La^3*B[r,1,1,3,1,3,1]^2+1/108*hb^2/La^3*B[r,1,1,1,1,3,3]^2+29/108*hb^2/La^3*B[r,1,2,2,1,1,2]^2+25/108*hb^2/La^3*B[r,1,2
,3,1,1,3]^2+17/54*hb^2/La^3*B[r,1,2,1,3,1,3]^2+29/108*hb^2/La^3*B[r,1,2,2,2,1,1]^2+25/108*hb^2/La^3*B[r,1,1,1,2,1,2]^2+
11/36*hb^2/La^3*B[r,1,2,1,2,1,2]^2+13/108*hb^2/La^3*B[r,1,2,3,3,1,1]^2+2/27*hb^2/La^3*B[r,1,2,3,3,3,3]^2+80/27/La*DD[r,
1,1]*B[r,1,1,1,1,1,1]+1/4*hb^2/La^3*B0[r,1,1,3,3]^2+1/2*hb^2/La^3*B0[r,1,2,1,1]^2+1/4*hb^2/La^3*B0[r,1,2,3,3]^2+1/2*hb^
2/La^3*B0[r,1,1,1,1]^2-1/2*hb^2/La^2*B0[r,1,1,1,1]-1/4*hb^2/La^2*B0[r,1,1,3,3]+40/27/La*DD[r,3,3]*B[r,1,1,3,3,1,1]+20/
27/La*DD[r,3,3]*B[r,1,1,3,3,3,3]-2/27/La*B[r,1,2,2,1,1,2]*DD[r,3,3]-4/27/La*B[r,1,2,3,1,1,3]*DD[r,1,1]+2/27*hb^2/La^3*B
[r,1,2,1,1,3,3]*B[r,1,2,3,1,1,3]+1/54*hb^2/La^3*B[r,1,2,1,3,1,3]*B[r,1,2,2,2,1,1]+1/27*hb^2/La^3*B[r,1,2,1,3,1,3]*B[r,1
,2,1,2,1,2]+1/54*hb^2/La^3*B[r,1,2,1,3,1,3]*B[r,1,2,2,1,1,2]+2/27*hb^2/La^3*B[r,1,2,3,1,1,3]*B[r,1,2,3,3,1,1]-5/108/La^
3*B[r,1,2,3,3,1,1]*hb^2*B[r,1,1,1,1,3,3]-5/54/La^3*B[r,1,2,1,1,3,3]*hb^2*B[r,1,1,1,1,1,1]+5/54/La^3*B[r,1,2,1,1,3,3]*hb
^2*B[r,1,1,1,2,1,2]+1/108/La^3*B[r,1,2,1,1,3,3]*hb^2*B[r,1,1,1,1,3,3]+29/54*hb^2/La^3*B[r,1,1,1,2,1,2]*B[r,1,1,1,1,1,1]
+1/54*hb^2/La^3*B[r,1,2,3,3,3,3]*B[r,1,2,1,2,1,2]+1/108*hb^2/La^3*B[r,1,2,3,3,3,3]*B[r,1,2,2,1,1,2]+1/108*hb^2/La^3*B[r
,1,2,3,3,3,3]*B[r,1,2,2,2,1,1]-1/18*hb^2/La^3*B[r,1,2,1,1,3,3]*B[r,1,1,3,1,3,1]+1/27/La^3*B[r,1,2,2,1,1,2]*hb^2*B[r,1,1
,3,3,1,1]+5/108/La^3*B[r,1,2,2,1,1,2]*hb^2*B[r,1,1,3,3,3,3]+41/108*hb^2/La^3*B[r,1,2,2,1,1,2]*B[r,1,2,2,2,1,1]+11/36*hb
^2/La^3*B[r,1,2,1,2,1,2]*B[r,1,2,2,2,1,1]+11/36*hb^2/La^3*B[r,1,2,1,2,1,2]*B[r,1,2,2,1,1,2]+2/27/La*B[r,1,2,1,1,3,3]*DD
[r,1,1]-32/27*La/hb^2*DD[r,1,1]^2-16/27*La/hb^2*DD[r,3,3]^2+2/27/La*B[r,1,2,2,2,1,1]*DD[r,3,3]+2/27/La*B[r,1,2,3,3,1,1]
*DD[r,1,1]-80/27/La*DD[r,1,1]*B[r,1,1,1,2,1,2]+40/27/La*DD[r,1,1]*B[r,1,1,1,1,3,3]+(-8/27*hb^2/La^2*B[r,1,1,1,1,3,3]*C[
r,1,1,1,1]-1/6*hb^2/La^2*B[r,1,2,3,3,3,3]*ddB[r,1,2,3,3,3,3]-4/27*hb^2/La^2*B[r,1,2,1,1,3,3]*C[r,1,1,1,1]+4/27*hb^2/La^
2*B[r,1,2,1,1,3,3]*C[r,1,2,1,2]+20/27*ddB[r,1,1,1,1,1,1]*hb^2/La^2*B[r,1,1,1,1,3,3]+1/54*hb^2/La^2*B[r,1,1,3,3,3,3]*ddB
[r,1,1,3,3,3,3]-631/972*hb^2/La^2*dB[r,1,2,1,2,1,2]*dB[r,1,2,2,1,1,2]-1/3*hb^2/La^2*B[r,1,2,1,2,1,2]*ddB[r,1,2,2,1,1,2]
-1/3*hb^2/La^2*B[r,1,2,2,1,1,2]*ddB[r,1,2,1,2,1,2]+11/972*hb^2/La^2*dB[r,1,2,1,1,3,3]*dB[r,1,2,3,3,1,1]-2/3*hb^2/La^2*B
[r,1,2,2,2,1,1]*ddB[r,1,2,2,2,1,1]-1/27*hb^2/La^2*B[r,1,2,1,1,3,3]*dA[r,1,1,2,3,3]-1/2*hb^2/La^2*B0[r,1,2,3,3]*ddB0[r,1
,2,3,3]+22/243*dB[r,1,2,3,3,1,1]*hb^2/La^2*dB[r,1,1,1,1,1,1]-11/243*dB[r,1,2,3,3,1,1]*hb^2/La^2*dB[r,1,1,1,2,1,2]+17/
324*dB[r,1,2,3,3,1,1]*hb^2/La^2*dB[r,1,1,1,1,3,3]+7/81*dB[r,1,2,2,2,1,1]*hb^2/La^2*dB[r,1,1,3,3,1,1]+55/972*dB[r,1,2,2,
2,1,1]*hb^2/La^2*dB[r,1,1,3,3,3,3]+263/162*hb^2/La^2*dB[r,1,1,1,1,3,3]*dB[r,1,1,1,1,1,1]-253/162*hb^2/La^2*dB[r,1,1,1,1
,3,3]*dB[r,1,1,1,2,1,2]-7/81*dB[r,1,2,3,1,1,3]*hb^2/La^2*dB[r,1,1,1,1,3,3]-2/27*hb^2/La^2*C[r,1,1,3,3]*B[r,1,2,1,1,3,3]
-4/27*hb^2/La^2*B[r,1,1,3,3,1,1]*C[r,3,3,3,3]-8/27*hb^2/La^2*B[r,1,1,1,1,1,1]*C[r,1,1,3,3]-hb^2/La^2*B0[r,1,1,1,1]*ddB0
[r,1,1,1,1]-1/2*hb^2/La^2*B0[r,1,1,3,3]*ddB0[r,1,1,3,3]-hb^2/La^2*B0[r,1,2,1,1]*ddB0[r,1,2,1,1]+1/9*hb^2/La^2*A[r,1,1,2
,3,3]*dB[r,1,1,3,1,3,1]+1/27*hb^2/La^2*A[r,1,3,2,3,1]*dB[r,1,1,1,1,3,3]-1/9*hb^2/La^2*A[r,1,1,2,3,3]*dB[r,1,1,1,1,1,1]+
1/27*hb^2/La^2*A[r,1,1,2,3,3]*dB[r,1,1,1,2,1,2]-2/9*hb^2/La^2*A[r,1,2,3,3,1]*dB[r,1,1,3,3,1,1]+1/27*hb^2/La^2*B[r,1,2,3
,3,1,1]*dA[r,1,3,2,3,1]+1/27*hb^2/La^2*B[r,1,2,2,2,1,1]*ddB[r,1,1,3,3,1,1]+53/486*dB[r,1,2,1,1,3,3]*hb^2/La^2*dB[r,1,1,
1,1,1,1]-49/486*dB[r,1,2,1,1,3,3]*hb^2/La^2*dB[r,1,1,1,2,1,2]+11/324*dB[r,1,2,1,1,3,3]*hb^2/La^2*dB[r,1,1,1,1,3,3]+2/3*
hb^2/La^2*A[r,1,1,2,1,1]*A[r,1,1,1,1,2]-631/972*hb^2/La^2*dB[r,1,2,2,2,1,1]*dB[r,1,2,1,2,1,2]-25/36*hb^2/La^2*dB[r,1,2,
2,2,1,1]*dB[r,1,2,2,1,1,2]-1/3*hb^2/La^2*B[r,1,2,2,2,1,1]*ddB[r,1,2,1,2,1,2]-1/3*hb^2/La^2*B[r,1,2,2,2,1,1]*ddB[r,1,2,2
,1,1,2]+2/27*hb^2/La^2*B[r,1,2,3,1,1,3]*dA[r,1,1,2,3,3]+2/27*hb^2/La^2*B[r,1,2,2,1,1,2]*dA[r,1,2,3,3,1]-2/27*hb^2/La^2*
B[r,1,1,3,3,3,3]*C[r,3,3,3,3]-4/27*hb^2/La^2*B[r,1,1,1,1,3,3]*C[r,1,1,3,3]-7/81*dB[r,1,2,2,1,1,2]*hb^2/La^2*dB[r,1,1,3,
3,1,1]-55/972*dB[r,1,2,2,1,1,2]*hb^2/La^2*dB[r,1,1,3,3,3,3]-2/27*hb^2/La^2*B[r,1,2,2,2,1,1]*dA[r,1,2,3,3,1]+2/27*hb^2/
La^2*A[r,1,1,2,3,3]*dB[r,1,2,1,1,3,3]-16/27*hb^2/La^2*C[r,1,1,1,1]*B[r,1,1,1,1,1,1]+16/27*hb^2/La^2*C[r,1,1,1,1]*B[r,1,
1,1,2,1,2]+16/27*hb^2/La^2*B[r,1,1,1,1,1,1]*C[r,1,2,1,2]-1/54*hb^2/La^2*B[r,1,2,2,1,1,2]*ddB[r,1,1,3,3,3,3]+2/27*hb^2/
La^2*B[r,1,2,3,1,1,3]*ddB[r,1,1,1,2,1,2]-4/27*hb^2/La^2*C[r,3,3,1,1]*B[r,1,2,2,2,1,1]-2/3*hb^2/La^2*B[r,1,1,1,3,1,3]*
ddB[r,1,1,1,3,1,3]-1/3*hb^2/La^2*B[r,1,2,1,1,3,3]*ddB[r,1,2,1,1,3,3]-22/27*hb^2/La^2*B[r,1,1,1,1,1,1]*ddB[r,1,1,1,2,1,2
]-22/27*hb^2/La^2*ddB[r,1,1,1,1,1,1]*B[r,1,1,1,2,1,2]-14/27*hb^2/La^2*B[r,1,1,1,2,1,2]*ddB[r,1,1,1,2,1,2]-2/27*hb^2/La^
2*C[r,1,1,3,3]*B[r,1,2,3,3,1,1]+4/27*hb^2/La^2*C[r,3,3,1,1]*B[r,1,2,2,1,1,2]+2/27*hb^2/La^2*C[r,3,3,3,3]*B[r,1,2,2,1,1,
2]+8/27*hb^2/La^2*B[r,1,2,3,1,1,3]*C[r,1,1,1,1]-16/27*hb^2/La^2*B[r,1,1,1,2,1,2]*C[r,1,2,1,2]-8/27*hb^2/La^2*B[r,1,1,3,
3,1,1]*C[r,3,3,1,1]+4/27*hb^2/La^2*B[r,1,2,3,3,1,1]*C[r,1,2,1,2]+1/27*hb^2/La^2*A[r,1,3,2,3,1]*dB[r,1,2,1,1,3,3]-13/486
*hb^2/La^2*dB[r,1,2,2,1,1,2]*dB[r,1,1,1,3,1,3]+1/27*hb^2/La^2*B[r,1,2,1,1,3,3]*dA[r,1,3,2,3,1]+1/27*hb^2/La^2*A[r,1,3,2
,3,1]*dB[r,1,1,3,1,3,1]+11/486*hb^2/La^2*dB[r,1,2,1,1,3,3]*dB[r,1,1,3,1,3,1]-10/243*hb^2/La^2*dB[r,1,2,1,1,3,3]*dB[r,1,
2,3,1,1,3]+1/243*hb^2/La^2*dB[r,1,2,3,3,3,3]*dB[r,1,2,1,3,1,3]-1/27*hb^2/La^2*B[r,1,2,3,3,1,1]*dA[r,1,1,2,3,3]+4/27*hb^
2/La^2*C[r,1,1,3,3]*B[r,1,2,3,1,1,3]-2/27*hb^2/La^2*A[r,1,2,3,3,1]*dB[r,1,1,3,3,3,3]+7/27*hb^2/La^2*A[r,1,3,2,3,1]*dB[r
,1,1,1,1,1,1]-13/27*hb^2/La^2*A[r,1,3,2,3,1]*dB[r,1,1,1,2,1,2]-2/27*hb^2/La^2*B[r,1,2,3,1,1,3]*dA[r,1,3,2,3,1]-1/27*hb^
2/La^2*B[r,1,2,3,1,1,3]*ddB[r,1,1,1,1,3,3]+8/27*hb^2/La^2*C[r,1,1,3,3]*B[r,1,1,1,2,1,2]+11/27*hb^2/La^2*B[r,1,1,3,3,1,1
]*ddB[r,1,1,3,3,1,1]-2/3*hb^2/La^2*B[r,1,1,3,1,3,1]*ddB[r,1,1,3,1,3,1]+1/54*hb^2/La^2*B[r,1,2,2,2,1,1]*ddB[r,1,1,3,3,3,
3]+1/243*hb^2/La^2*dB[r,1,2,3,3,1,1]*dB[r,1,1,3,1,3,1]-13/486*hb^2/La^2*dB[r,1,2,3,1,1,3]*dB[r,1,1,3,1,3,1]+1/54*hb^2/
La^2*B[r,1,2,3,3,1,1]*ddB[r,1,1,1,1,3,3]-2/27*hb^2/La^2*B[r,1,1,1,1,3,3]*dA[r,1,1,2,3,3]-4/27*hb^2/La^2*B[r,1,1,3,3,1,1
]*dA[r,1,2,3,3,1]+10/27*ddB[r,1,1,3,3,1,1]*hb^2/La^2*B[r,1,1,3,3,3,3]-4/27*hb^2/La^2*B[r,1,1,3,3,3,3]*C[r,3,3,1,1]+8/27
*hb^2/La^2*B[r,1,1,1,1,3,3]*C[r,1,2,1,2]+5/243*dB[r,1,1,1,3,1,3]*hb^2/La^2*dB[r,1,1,3,3,3,3]-959/486*hb^2/La^2*dB[r,1,1
,1,1,1,1]*dB[r,1,1,1,2,1,2]+20/27*ddB[r,1,1,1,1,3,3]*hb^2/La^2*B[r,1,1,1,1,1,1]-20/27*ddB[r,1,1,1,1,3,3]*hb^2/La^2*B[r,
1,1,1,2,1,2]-7/972*hb^2/La^2*dB[r,1,2,3,3,3,3]*dB[r,1,2,2,1,1,2]-2/27*hb^2/La^2*B[r,1,1,3,3,3,3]*dA[r,1,2,3,3,1]+32/27*
ddB[r,1,1,1,2,1,2]*DD[r,1,1]+32/27*A[r,1,1,2,3,3]*dDD[r,1,1]-16/27*ddB[r,1,1,1,1,3,3]*DD[r,1,1]-8/243*dB[r,1,1,1,3,1,3]
*dDD[r,3,3]+22/243*dB[r,1,2,2,1,1,2]*dDD[r,3,3]+44/243*dB[r,1,2,3,1,1,3]*dDD[r,1,1]-22/243*dB[r,1,2,2,2,1,1]*dDD[r,3,3]
-22/243*dB[r,1,2,3,3,1,1]*dDD[r,1,1]+128/27*C[r,1,1,1,1]*DD[r,1,1]-32/27*ddB[r,1,1,1,1,1,1]*DD[r,1,1]-22/243*dB[r,1,2,1
,1,3,3]*dDD[r,1,1]-64/81*dDD[r,3,3]*dB[r,1,1,3,3,1,1]-100/243*dDD[r,3,3]*dB[r,1,1,3,3,3,3]+64/27*C[r,1,1,3,3]*DD[r,1,1]
-16/27*ddB[r,1,1,3,3,1,1]*DD[r,3,3]-32/27*A[r,1,3,2,3,1]*dDD[r,1,1]+32/27*A[r,1,2,3,3,1]*dDD[r,3,3]-8/243*dB[r,1,1,3,1,
3,1]*dDD[r,1,1]+32/27*C[r,3,3,3,3]*DD[r,3,3]+32/27*DD[r,1,1]*dA[r,1,1,2,3,3]-392/243*dDD[r,1,1]*dB[r,1,1,1,1,1,1]+376/
243*dDD[r,1,1]*dB[r,1,1,1,2,1,2]-64/81*dDD[r,1,1]*dB[r,1,1,1,1,3,3]+32/27*DD[r,3,3]*dA[r,1,2,3,3,1]-32/27*DD[r,1,1]*dA[
r,1,3,2,3,1]-8/27*ddB[r,1,1,3,3,3,3]*DD[r,3,3]-128/27*C[r,1,2,1,2]*DD[r,1,1]+64/27*C[r,3,3,1,1]*DD[r,3,3]-617/972*hb^2/
La^2*dB[r,1,2,2,1,1,2]^2-631/972*hb^2/La^2*dB[r,1,2,1,2,1,2]^2-599/972*hb^2/La^2*dB[r,1,2,3,1,1,3]^2-617/972*hb^2/La^2*
dB[r,1,2,2,2,1,1]^2-305/972*hb^2/La^2*dB[r,1,2,3,3,1,1]^2+973/972*hb^2/La^2*dB[r,1,1,1,1,1,1]^2+1/3*hb^2/La^2*A[r,1,3,2
,3,1]^2+1/3*hb^2/La^2*A[r,1,3,2,1,3]^2+1/3*hb^2/La^2*A[r,1,1,2,3,3]^2+1/3*hb^2/La^2*A[r,1,3,3,1,2]^2+1/3*hb^2/La^2*A[r,
1,2,3,3,1]^2+1/3*hb^2/La^2*A[r,1,2,3,1,3]^2+2/3*hb^2/La^2*A[r,1,1,1,1,2]^2+2/3*hb^2/La^2*A[r,1,2,1,1,1]^2+2/3*hb^2/La^2
*A[r,1,1,2,1,1]^2+80/243/hb^2*La^2*dDD[r,3,3]^2+13/27*hb^2/La^2*dB[r,1,1,3,3,1,1]^2+1/12*hb^2/La^2*dB[r,1,1,1,1,3,3]^2+
11/243*hb^2/La^2*dB[r,1,1,3,3,3,3]^2-299/972*hb^2/La^2*dB[r,1,1,1,2,1,2]^2-1/4*hb^2/La^2*dB0[r,1,1,3,3]^2+160/243/hb^2*
La^2*dDD[r,1,1]^2+hb^2/La*ddB0[r,1,1,1,1]+1/2*hb^2/La*ddB0[r,1,1,3,3]+1/4*hb^2/La^2*A0[r,1,1,2]^2-635/972*hb^2/La^2*dB[
r,1,1,3,1,3,1]^2-160/243*hb^2/La^2*dB[r,1,1,1,3,1,3]^2-305/972*hb^2/La^2*dB[r,1,2,1,1,3,3]^2-157/972*hb^2/La^2*dB[r,1,2
,3,3,3,3]^2-160/243*hb^2/La^2*dB[r,1,2,1,3,1,3]^2-hb^2/La^2*dB0[r,1,2,1,1]^2-1/2*hb^2/La^2*dB0[r,1,2,3,3]^2+2/27*hb^2/
La^2*B[r,1,1,1,1,3,3]*dA[r,1,3,2,3,1]+67/81*hb^2/La^2*dB[r,1,1,3,3,3,3]*dB[r,1,1,3,3,1,1]-5/486*hb^2/La^2*dB[r,1,2,1,3,
1,3]*dB[r,1,2,2,2,1,1]-5/243*hb^2/La^2*dB[r,1,2,1,3,1,3]*dB[r,1,2,1,2,1,2]-5/486*hb^2/La^2*dB[r,1,2,1,3,1,3]*dB[r,1,2,2
,1,1,2]-10/243*hb^2/La^2*dB[r,1,2,3,1,1,3]*dB[r,1,2,3,3,1,1]+1/27*hb^2/La^2*A[r,1,3,2,3,1]*dB[r,1,2,3,1,1,3]-2/27*hb^2/
La^2*B[r,1,2,3,1,1,3]*ddB[r,1,1,1,1,1,1]+hb^2/La^2*dB0[r,1,1,3,3]*dB0[r,1,1,1,1]+2/81*dB[r,1,1,1,3,1,3]*hb^2/La^2*dB[r,
1,1,3,3,1,1]+25/486*dB[r,1,1,3,1,3,1]*hb^2/La^2*dB[r,1,1,1,1,1,1]-35/486*dB[r,1,1,3,1,3,1]*hb^2/La^2*dB[r,1,1,1,2,1,2]-\
1/162*dB[r,1,1,3,1,3,1]*hb^2/La^2*dB[r,1,1,1,1,3,3]+2/3*hb^2/La^2*A[r,1,1,2,1,1]*A[r,1,2,1,1,1]+2/3*hb^2/La^2*A[r,1,1,1
,1,2]*A[r,1,2,1,1,1]+1/27*hb^2/La^2*B[r,1,1,1,1,3,3]*ddB[r,1,1,1,1,3,3]+10/27*ddB[r,1,1,3,3,3,3]*hb^2/La^2*B[r,1,1,3,3,
1,1]-8/27*hb^2/La^2*B[r,1,2,3,1,1,3]*C[r,1,2,1,2]-2/27*hb^2/La^2*C[r,3,3,3,3]*B[r,1,2,2,2,1,1]-1/3*hb^2/La^2*ddB[r,1,2,
2,2,1,1]*B[r,1,2,1,2,1,2]-1/3*hb^2/La^2*ddB[r,1,2,2,2,1,1]*B[r,1,2,2,1,1,2]-20/27*ddB[r,1,1,1,2,1,2]*hb^2/La^2*B[r,1,1,
1,1,3,3]+13/486*hb^2/La^2*dB[r,1,2,2,2,1,1]*dB[r,1,1,1,3,1,3]-97/486*dB[r,1,2,3,1,1,3]*hb^2/La^2*dB[r,1,1,1,1,1,1]+71/
486*dB[r,1,2,3,1,1,3]*hb^2/La^2*dB[r,1,1,1,2,1,2]-4/27*hb^2/La^2*dA[r,1,3,2,3,1]*B[r,1,1,1,2,1,2]-4/27*hb^2/La^2*B[r,1,
1,1,1,1,1]*dA[r,1,1,2,3,3]-1/27*hb^2/La^2*B[r,1,2,2,1,1,2]*ddB[r,1,1,3,3,1,1]+22/27*hb^2/La^2*B[r,1,1,1,1,1,1]*ddB[r,1,
1,1,1,1,1]-2/27*hb^2/La^2*A[r,1,3,2,3,1]*dB[r,1,2,3,3,1,1]+1/27*hb^2/La^2*B[r,1,2,3,3,1,1]*ddB[r,1,1,1,1,1,1]-1/27*hb^2
/La^2*B[r,1,2,3,3,1,1]*ddB[r,1,1,1,2,1,2]-1/27*hb^2/La^2*A[r,1,1,2,3,3]*dB[r,1,2,3,1,1,3]+4/27*hb^2/La^2*dA[r,1,1,2,3,3
]*B[r,1,1,1,2,1,2]+4/27*hb^2/La^2*dA[r,1,3,2,3,1]*B[r,1,1,1,1,1,1]+2/27*hb^2/La^2*A[r,1,2,3,3,1]*dB[r,1,1,1,3,1,3]+1/27
*hb^2/La^2*A[r,1,2,3,3,1]*dB[r,1,2,2,2,1,1]-1/27*hb^2/La^2*A[r,1,2,3,3,1]*dB[r,1,2,2,1,1,2]-2/3*hb^2/La^2*B[r,1,2,1,3,1
,3]*ddB[r,1,2,1,3,1,3]-1/3*hb^2/La^2*B[r,1,2,3,3,1,1]*ddB[r,1,2,3,3,1,1]-2/3*hb^2/La^2*B[r,1,2,2,1,1,2]*ddB[r,1,2,2,1,1
,2]-2/3*hb^2/La^2*B[r,1,2,1,2,1,2]*ddB[r,1,2,1,2,1,2]-2/3*hb^2/La^2*B[r,1,2,3,1,1,3]*ddB[r,1,2,3,1,1,3]+1/54*hb^2/La^2*
B[r,1,2,1,1,3,3]*ddB[r,1,1,1,1,3,3]+1/27*hb^2/La^2*B[r,1,2,1,1,3,3]*ddB[r,1,1,1,1,1,1]-1/27*hb^2/La^2*B[r,1,2,1,1,3,3]*
ddB[r,1,1,1,2,1,2]-1/27*hb^2/La^2*A[r,1,1,2,3,3]*dB[r,1,2,3,3,1,1]-7/972*hb^2/La^2*dB[r,1,2,3,3,3,3]*dB[r,1,2,2,2,1,1]-\
7/486*hb^2/La^2*dB[r,1,2,3,3,3,3]*dB[r,1,2,1,2,1,2]-5/27*hb^2/La^2*A[r,1,1,2,3,3]*dB[r,1,1,1,1,3,3]-4/27*hb^2/La^2*C[r,
1,1,1,1]*B[r,1,2,3,3,1,1]+8/27*hb^2/La^2*B[r,1,1,3,3,1,1]^2/r^2+7/54*hb^2/La^2*B[r,1,1,1,1,3,3]^2/r^2+67/486*hb^2/La^2*
B[r,1,2,2,2,1,1]^2/r^2+37/486*hb^2/La^2*B[r,1,2,1,1,3,3]^2/r^2+1/27*hb^2/La^2*B[r,1,2,3,3,3,3]^2/r^2+31/486*hb^2/La^2*B
[r,1,1,3,1,3,1]^2/r^2+26/243*hb^2/La^2*B[r,1,1,3,3,3,3]^2/r^2+8/243*hb^2/La^2*B[r,1,1,1,3,1,3]^2/r^2+67/486*hb^2/La^2*B
[r,1,2,3,1,1,3]^2/r^2+1/9*hb^2/La^2*B[r,1,2,1,2,1,2]^2/r^2+67/486*hb^2/La^2*B[r,1,2,2,1,1,2]^2/r^2+2/27*hb^2/La^2*B[r,1
,2,1,3,1,3]^2/r^2-32/243*B[r,1,1,1,3,1,3]*hb^2/La^2*B[r,1,1,1,1,1,1]/r^2+16/243*B[r,1,1,1,3,1,3]*hb^2/La^2*B[r,1,1,1,2,
1,2]/r^2-4/81*B[r,1,1,1,3,1,3]*hb^2/La^2*B[r,1,1,1,1,3,3]/r^2+74/243*hb^2/La^2*B[r,1,1,3,3,3,3]*B[r,1,1,1,2,1,2]/r^2-8/
27*hb^2/La^2*B[r,1,1,1,1,3,3]*B[r,1,1,3,3,1,1]/r^2-14/81*hb^2/La^2*B[r,1,1,3,3,3,3]*B[r,1,1,1,1,3,3]/r^2-52/81*hb^2/La^
2*B[r,1,1,3,3,1,1]*B[r,1,1,1,1,1,1]/r^2+5/81*hb^2/La^2*B[r,1,1,1,1,3,3]*B[r,1,1,1,2,1,2]/r^2-13/243*hb^2/La^2*B[r,1,2,3
,3,1,1]*B[r,1,1,1,3,1,3]/r^2-1/54*hb^2/La^2*B[r,1,2,3,3,1,1]*B[r,1,2,1,2,1,2]/r^2+31/486*hb^2/La^2*B[r,1,2,3,3,1,1]*B[r
,1,2,2,1,1,2]/r^2-640/243/hb^2*La^2*DD[r,3,3]*DD[r,1,1]/r^2+20/243*B[r,1,1,1,3,1,3]*hb^2/La^2*B[r,1,1,3,3,3,3]/r^2-16/
81*hb^2/La^2*B[r,1,1,3,3,1,1]*B[r,1,2,2,1,1,2]/r^2-61/243*hb^2/La^2*B[r,1,1,1,1,1,1]*B[r,1,2,3,1,1,3]/r^2-13/243*hb^2/
La^2*B[r,1,2,2,2,1,1]*B[r,1,1,3,1,3,1]/r^2-2/27*hb^2/La^2*B[r,1,2,3,3,3,3]*B[r,1,2,1,2,1,2]/r^2+1/27*hb^2/La^2*B[r,1,2,
1,1,3,3]*B[r,1,2,1,3,1,3]/r^2+31/243*hb^2/La^2*B[r,1,2,3,1,1,3]*B[r,1,2,2,2,1,1]/r^2-1/54*hb^2/La^2*B[r,1,2,1,1,3,3]*B[
r,1,2,1,2,1,2]/r^2-58/243*hb^2/La^2*B[r,1,2,3,1,1,3]*B[r,1,2,2,1,1,2]/r^2+13/243*hb^2/La^2*B[r,1,2,2,1,1,2]*B[r,1,1,3,1
,3,1]/r^2-7/486*hb^2/La^2*B[r,1,2,1,1,3,3]*B[r,1,2,3,3,1,1]/r^2-22/243*hb^2/La^2*B[r,1,2,2,1,1,2]*B[r,1,2,2,2,1,1]/r^2+
1/27*hb^2/La^2*B[r,1,2,1,3,1,3]*B[r,1,2,3,3,1,1]/r^2+43/243*B[r,1,1,3,1,3,1]*hb^2/La^2*B[r,1,1,1,1,1,1]/r^2-89/243*B[r,
1,1,3,1,3,1]*hb^2/La^2*B[r,1,1,1,2,1,2]/r^2-7/81*B[r,1,1,3,1,3,1]*hb^2/La^2*B[r,1,1,1,1,3,3]/r^2+8/81*B[r,1,1,1,3,1,3]*
hb^2/La^2*B[r,1,1,3,3,1,1]/r^2+26/243*hb^2/La^2*B[r,1,2,3,1,1,3]*B[r,1,1,1,3,1,3]/r^2+16/81*hb^2/La^2*B[r,1,1,3,3,1,1]*
B[r,1,2,2,2,1,1]/r^2-7/243*hb^2/La^2*B[r,1,2,3,3,1,1]*B[r,1,1,3,1,3,1]/r^2+8/81*hb^2/La^2*B[r,1,1,1,1,3,3]*B[r,1,2,2,1,
1,2]/r^2-8/81*hb^2/La^2*B[r,1,1,3,3,1,1]*B[r,1,2,1,1,3,3]/r^2-29/243*hb^2/La^2*B[r,1,2,3,3,1,1]*B[r,1,2,2,2,1,1]/r^2-13
/243*hb^2/La^2*B[r,1,2,3,1,1,3]*B[r,1,1,3,1,3,1]/r^2+20/243*hb^2/La^2*B[r,1,2,1,1,3,3]*B[r,1,1,3,1,3,1]/r^2-1/162*hb^2/
La^2*B[r,1,1,1,1,3,3]*B[r,1,2,1,1,3,3]/r^2+37/243*hb^2/La^2*B[r,1,1,3,3,3,3]*B[r,1,2,3,1,1,3]/r^2+35/243*hb^2/La^2*B[r,
1,2,3,1,1,3]*B[r,1,1,1,2,1,2]/r^2+28/81*hb^2/La^2*B[r,1,1,3,3,3,3]*B[r,1,1,3,3,1,1]/r^2-1/27*hb^2/La^2*B[r,1,2,3,3,3,3]
*B[r,1,2,3,1,1,3]/r^2-8/81*hb^2/La^2*B[r,1,1,1,1,3,3]*B[r,1,2,2,2,1,1]/r^2-37/243*hb^2/La^2*B[r,1,1,3,3,3,3]*B[r,1,2,2,
1,1,2]/r^2-37/486*hb^2/La^2*B[r,1,1,3,3,3,3]*B[r,1,2,1,1,3,3]/r^2+44/243*hb^2/La^2*B[r,1,2,1,1,3,3]*B[r,1,1,1,1,1,1]/r^
2-58/243*hb^2/La^2*B[r,1,2,1,1,3,3]*B[r,1,1,1,2,1,2]/r^2-1/54*hb^2/La^2*B[r,1,2,3,3,3,3]*B[r,1,2,1,1,3,3]/r^2-29/243*hb
^2/La^2*B[r,1,2,1,1,3,3]*B[r,1,2,2,2,1,1]/r^2-2/27*hb^2/La^2*B[r,1,2,1,3,1,3]*B[r,1,2,2,2,1,1]/r^2-4/27*hb^2/La^2*B[r,1
,2,1,3,1,3]*B[r,1,2,1,2,1,2]/r^2-2/27*hb^2/La^2*B[r,1,2,1,3,1,3]*B[r,1,2,2,1,1,2]/r^2-208/243*B[r,1,1,1,1,1,1]*DD[r,1,1
]/r^2+176/243*B[r,1,1,1,2,1,2]*DD[r,1,1]/r^2-64/81*B[r,1,1,3,3,1,1]*DD[r,3,3]/r^2-44/243*B[r,1,2,1,1,3,3]*DD[r,1,1]/r^2
-32/81*B[r,1,1,1,1,3,3]*DD[r,1,1]/r^2-112/243*B[r,1,1,3,3,3,3]*DD[r,3,3]/r^2+32/243*B[r,1,1,1,3,1,3]*DD[r,1,1]/r^2-44/
243*B[r,1,2,3,3,1,1]*DD[r,1,1]/r^2+44/243*B[r,1,2,3,3,1,1]*DD[r,3,3]/r^2+88/243*B[r,1,2,2,1,1,2]*DD[r,3,3]/r^2+32/81*B[
r,1,1,1,1,3,3]*DD[r,3,3]/r^2+208/243*B[r,1,1,1,1,1,1]*DD[r,3,3]/r^2-176/243*B[r,1,1,1,2,1,2]*DD[r,3,3]/r^2+44/243*B[r,1
,2,1,1,3,3]*DD[r,3,3]/r^2+88/243*B[r,1,2,3,1,1,3]*DD[r,1,1]/r^2-88/243*B[r,1,2,2,2,1,1]*DD[r,3,3]/r^2+88/243*B[r,1,2,2,
2,1,1]*DD[r,1,1]/r^2-16/243*B[r,1,1,3,1,3,1]*DD[r,1,1]/r^2-32/243*B[r,1,1,1,3,1,3]*DD[r,3,3]/r^2-88/243*B[r,1,2,2,1,1,2
]*DD[r,1,1]/r^2+112/243*B[r,1,1,3,3,3,3]*DD[r,1,1]/r^2+16/243*B[r,1,1,3,1,3,1]*DD[r,3,3]/r^2-88/243*B[r,1,2,3,1,1,3]*DD
[r,3,3]/r^2+64/81*B[r,1,1,3,3,1,1]*DD[r,1,1]/r^2+26/243*hb^2/La^2*B[r,1,2,2,2,1,1]*B[r,1,1,1,3,1,3]/r^2-11/243*hb^2/La^
2*B[r,1,2,3,1,1,3]*B[r,1,2,3,3,1,1]/r^2+1/9*hb^2/La^2*B[r,1,2,1,2,1,2]*B[r,1,2,2,2,1,1]/r^2-1/54*hb^2/La^2*B[r,1,2,3,3,
3,3]*B[r,1,2,3,3,1,1]/r^2+35/243*hb^2/La^2*B[r,1,2,2,2,1,1]*B[r,1,1,1,2,1,2]/r^2-37/486*hb^2/La^2*B[r,1,1,3,3,3,3]*B[r,
1,2,3,3,1,1]/r^2-26/243*hb^2/La^2*B[r,1,2,2,1,1,2]*B[r,1,1,1,3,1,3]/r^2-1/27*hb^2/La^2*B[r,1,2,3,1,1,3]*B[r,1,2,1,2,1,2
]/r^2-4/81*B[r,1,1,3,1,3,1]*hb^2/La^2*B[r,1,1,3,3,1,1]/r^2-10/243*B[r,1,1,3,1,3,1]*hb^2/La^2*B[r,1,1,3,3,3,3]/r^2+16/81
*hb^2/La^2*B[r,1,1,3,3,1,1]*B[r,1,2,3,1,1,3]/r^2+23/243*hb^2/La^2*B[r,1,2,3,3,1,1]*B[r,1,1,1,2,1,2]/r^2+37/243*hb^2/La^
2*B[r,1,1,3,3,3,3]*B[r,1,2,2,2,1,1]/r^2+17/162*hb^2/La^2*B[r,1,1,1,1,3,3]*B[r,1,2,3,3,1,1]/r^2+31/486*hb^2/La^2*B[r,1,2
,1,1,3,3]*B[r,1,2,2,1,1,2]/r^2-8/243*hb^2/La^2*B[r,1,1,3,1,3,1]*B[r,1,1,1,3,1,3]/r^2-35/243*hb^2/La^2*B[r,1,2,2,1,1,2]*
B[r,1,1,1,2,1,2]/r^2-1/27*hb^2/La^2*B[r,1,2,3,3,3,3]*B[r,1,2,2,2,1,1]/r^2-1/27*hb^2/La^2*B[r,1,2,3,3,3,3]*B[r,1,2,2,1,1
,2]/r^2+1/9*hb^2/La^2*B[r,1,2,1,2,1,2]*B[r,1,2,2,1,1,2]/r^2+2/27*hb^2/La^2*B[r,1,2,1,3,1,3]*B[r,1,2,3,1,1,3]/r^2-11/243
*hb^2/La^2*B[r,1,2,1,1,3,3]*B[r,1,2,3,1,1,3]/r^2-13/243*hb^2/La^2*B[r,1,2,1,1,3,3]*B[r,1,1,1,3,1,3]/r^2+44/81*hb^2/La^2
*B[r,1,1,3,3,1,1]*B[r,1,1,1,2,1,2]/r^2-94/243*hb^2/La^2*B[r,1,1,3,3,3,3]*B[r,1,1,1,1,1,1]/r^2-8/81*hb^2/La^2*B[r,1,1,3,
3,1,1]*B[r,1,2,3,3,1,1]/r^2-61/243*hb^2/La^2*B[r,1,1,1,1,1,1]*B[r,1,2,2,2,1,1]/r^2-8/81*hb^2/La^2*B[r,1,1,1,1,3,3]*B[r,
1,2,3,1,1,3]/r^2+17/243*hb^2/La^2*B[r,1,1,1,1,1,1]*B[r,1,2,3,3,1,1]/r^2+17/81*hb^2/La^2*B[r,1,1,1,1,3,3]*B[r,1,1,1,1,1,
1]/r^2-221/243*hb^2/La^2*B[r,1,1,1,1,1,1]*B[r,1,1,1,2,1,2]/r^2+61/243*hb^2/La^2*B[r,1,1,1,1,1,1]*B[r,1,2,2,1,1,2]/r^2+
320/243/hb^2*La^2*DD[r,1,1]^2/r^2+320/243/hb^2*La^2*DD[r,3,3]^2/r^2+37/486*hb^2/La^2*B[r,1,2,3,3,1,1]^2/r^2+199/486*hb^
2/La^2*B[r,1,1,1,1,1,1]^2/r^2+367/486*hb^2/La^2*B[r,1,1,1,2,1,2]^2/r^2+2*hb^2/La*dB0[r,1,1,1,1]/r+hb^2/La*dB0[r,1,1,3,3
]/r-1/27*hb^2/La^2*A[r,1,1,1,1,2]*B[r,1,1,3,1,3,1]/r+1/27*hb^2/La^2*B[r,1,2,2,2,1,1]*dB[r,1,1,3,3,3,3]/r+1/27*hb^2/La^2
*B[r,1,2,3,3,1,1]*dB[r,1,1,1,1,3,3]/r-2/27*hb^2/La^2*B[r,1,2,2,1,1,2]*dB[r,1,1,3,3,1,1]/r-23/9*hb^2/La^2*A[r,1,3,3,1,2]
*B[r,1,1,1,1,1,1]/r-70/27*hb^2/La^2*A[r,1,1,1,1,2]*B[r,1,1,3,3,1,1]/r-2/27*hb^2/La^2*B[r,1,2,3,3,1,1]*A[r,1,1,2,3,3]/r-\
2/27*hb^2/La^2*A[r,1,1,1,1,2]*B[r,1,1,1,3,1,3]/r-1/3*hb^2/La^2*B[r,1,2,3,3,3,3]*dB[r,1,2,3,3,3,3]/r+7/3*hb^2/La^2*A[r,1
,3,3,1,2]*B[r,1,1,1,2,1,2]/r-37/27*hb^2/La^2*A[r,1,2,1,1,1]*B[r,1,1,1,1,1,1]/r-40/27*hb^2/La^2*A[r,1,3,2,1,3]*B[r,1,1,1
,1,1,1]/r+11/9*hb^2/La^2*A[r,1,2,3,1,3]*B[r,1,1,1,1,3,3]/r+4/3*hb^2/La^2*A[r,1,2,1,1,1]*B[r,1,1,3,3,3,3]/r+70/27*hb^2/
La^2*A[r,1,3,3,1,2]*B[r,1,1,3,3,1,1]/r+20/27*dB[r,1,1,3,3,3,3]*hb^2/La^2*B[r,1,1,3,3,1,1]/r+40/27*dB[r,1,1,1,1,3,3]*hb^
2/La^2*B[r,1,1,1,1,1,1]/r-40/27*dB[r,1,1,1,1,3,3]*hb^2/La^2*B[r,1,1,1,2,1,2]/r-44/27*hb^2/La^2*B[r,1,1,1,1,1,1]*dB[r,1,
1,1,2,1,2]/r-44/27*hb^2/La^2*dB[r,1,1,1,1,1,1]*B[r,1,1,1,2,1,2]/r-28/27*hb^2/La^2*B[r,1,1,1,2,1,2]*dB[r,1,1,1,2,1,2]/r+
22/27*hb^2/La^2*B[r,1,1,3,3,1,1]*dB[r,1,1,3,3,1,1]/r+44/27*hb^2/La^2*B[r,1,1,1,1,1,1]*dB[r,1,1,1,1,1,1]/r-8/27*hb^2/La^
2*B[r,1,1,3,3,1,1]*A[r,1,2,3,3,1]/r+1/27*hb^2/La^2*B[r,1,2,1,1,3,3]*dB[r,1,1,1,1,3,3]/r+2/27*hb^2/La^2*B[r,1,2,1,1,3,3]
*dB[r,1,1,1,1,1,1]/r+73/27*hb^2/La^2*A[r,1,2,3,1,3]*B[r,1,1,1,1,1,1]/r-25/9*hb^2/La^2*A[r,1,2,3,1,3]*B[r,1,1,1,2,1,2]/r
+23/9*hb^2/La^2*A[r,1,1,1,1,2]*B[r,1,1,1,1,1,1]/r+13/9*hb^2/La^2*A[r,1,2,1,1,1]*B[r,1,1,1,2,1,2]/r-32/27*hb^2/La^2*A[r,
1,1,2,1,1]*B[r,1,1,1,1,1,1]/r+37/27*hb^2/La^2*A[r,1,1,1,1,2]*B[r,1,1,1,1,3,3]/r+1/9*hb^2/La^2*A[r,1,3,3,1,2]*B[r,1,2,3,
1,1,3]/r-1/9*hb^2/La^2*A[r,1,3,3,1,2]*B[r,1,2,2,1,1,2]/r+2/27*hb^2/La^2*A[r,1,3,3,1,2]*B[r,1,1,1,3,1,3]/r+4/27*hb^2/La^
2*B[r,1,2,3,1,1,3]*dB[r,1,1,1,2,1,2]/r+2/27*hb^2/La^2*B[r,1,2,1,1,3,3]*A[r,1,3,2,3,1]/r+16/9*hb^2/La^2*A[r,1,3,2,1,3]*B
[r,1,1,1,2,1,2]/r-2/27*hb^2/La^2*A[r,1,2,3,1,3]*B[r,1,1,1,3,1,3]/r+1/9*hb^2/La^2*A[r,1,1,1,1,2]*B[r,1,2,2,1,1,2]/r-2/27
*hb^2/La^2*B[r,1,2,1,1,3,3]*A[r,1,1,2,3,3]/r+20/27*dB[r,1,1,3,3,1,1]*hb^2/La^2*B[r,1,1,3,3,3,3]/r-4/27*hb^2/La^2*B[r,1,
1,1,1,3,3]*A[r,1,1,2,3,3]/r-40/27*dB[r,1,1,1,2,1,2]*hb^2/La^2*B[r,1,1,1,1,3,3]/r+40/27*dB[r,1,1,1,1,1,1]*hb^2/La^2*B[r,
1,1,1,1,3,3]/r-1/27*hb^2/La^2*B[r,1,2,2,1,1,2]*dB[r,1,1,3,3,3,3]/r-1/9*hb^2/La^2*A[r,1,1,1,1,2]*B[r,1,2,3,1,1,3]/r-2/3*
hb^2/La^2*B[r,1,2,3,3,1,1]*dB[r,1,2,3,3,1,1]/r-4/3*hb^2/La^2*B[r,1,2,2,1,1,2]*dB[r,1,2,2,1,1,2]/r-4/3*hb^2/La^2*B[r,1,2
,1,2,1,2]*dB[r,1,2,1,2,1,2]/r-4/3*hb^2/La^2*B[r,1,2,3,1,1,3]*dB[r,1,2,3,1,1,3]/r-4/3*hb^2/La^2*B[r,1,2,2,2,1,1]*dB[r,1,
2,2,2,1,1]/r-4/3*hb^2/La^2*B[r,1,1,3,1,3,1]*dB[r,1,1,3,1,3,1]/r-4/3*hb^2/La^2*B[r,1,1,1,3,1,3]*dB[r,1,1,1,3,1,3]/r-2/3*
hb^2/La^2*B[r,1,2,1,1,3,3]*dB[r,1,2,1,1,3,3]/r-4/27*hb^2/La^2*B[r,1,1,3,3,3,3]*A[r,1,2,3,3,1]/r+4/27*hb^2/La^2*B[r,1,1,
1,1,3,3]*A[r,1,3,2,3,1]/r-8/27*hb^2/La^2*B[r,1,1,1,1,1,1]*A[r,1,1,2,3,3]/r+8/27*hb^2/La^2*A[r,1,1,2,3,3]*B[r,1,1,1,2,1,
2]/r+8/27*hb^2/La^2*A[r,1,3,2,3,1]*B[r,1,1,1,1,1,1]/r-8/27*hb^2/La^2*A[r,1,3,2,3,1]*B[r,1,1,1,2,1,2]/r+8/9*hb^2/La^2*A[
r,1,1,2,1,1]*B[r,1,1,1,2,1,2]/r+4/27*hb^2/La^2*B[r,1,2,3,1,1,3]*A[r,1,1,2,3,3]/r+4/27*hb^2/La^2*B[r,1,2,2,1,1,2]*A[r,1,
2,3,3,1]/r-4/27*hb^2/La^2*B[r,1,2,3,1,1,3]*dB[r,1,1,1,1,1,1]/r-2/27*hb^2/La^2*B[r,1,2,3,1,1,3]*dB[r,1,1,1,1,3,3]/r-2/27
*hb^2/La^2*B[r,1,2,1,1,3,3]*dB[r,1,1,1,2,1,2]/r+1/9*hb^2/La^2*A[r,1,1,2,1,1]*B[r,1,2,1,1,3,3]/r+4/27*hb^2/La^2*A[r,1,1,
2,1,1]*B[r,1,1,3,1,3,1]/r-4/27*hb^2/La^2*B[r,1,2,3,1,1,3]*A[r,1,3,2,3,1]/r+1/9*hb^2/La^2*A[r,1,1,1,1,2]*B[r,1,2,3,3,1,1
]/r-1/9*hb^2/La^2*A[r,1,3,3,1,2]*B[r,1,2,3,3,1,1]/r-32/27*dB[r,1,1,3,3,1,1]*DD[r,3,3]/r+64/27*DD[r,1,1]*A[r,1,1,2,3,3]/
r+64/27*dB[r,1,1,1,2,1,2]*DD[r,1,1]/r-32/27*dB[r,1,1,1,1,3,3]*DD[r,1,1]/r-16/27*dB[r,1,1,3,3,3,3]*DD[r,3,3]/r-64/27*dB[
r,1,1,1,1,1,1]*DD[r,1,1]/r+1/27*hb^2/La^2*A[r,1,3,3,1,2]*B[r,1,1,3,1,3,1]/r-7/3*hb^2/La^2*A[r,1,1,1,1,2]*B[r,1,1,1,2,1,
2]/r+70/27*hb^2/La^2*A[r,1,2,1,1,1]*B[r,1,1,3,3,1,1]/r-2/3*hb^2/La^2*A[r,1,2,3,1,3]*B[r,1,1,3,3,3,3]/r-1/9*hb^2/La^2*A[
r,1,2,1,1,1]*B[r,1,2,2,1,1,2]/r-1/9*hb^2/La^2*A[r,1,1,1,1,2]*B[r,1,2,2,2,1,1]/r+1/9*hb^2/La^2*A[r,1,2,3,1,3]*B[r,1,2,1,
1,3,3]/r-hb^2/La^2*B0[r,1,2,3,3]*dB0[r,1,2,3,3]/r+2/27*hb^2/La^2*B[r,1,2,3,3,1,1]*A[r,1,3,2,3,1]/r-1/9*hb^2/La^2*A[r,1,
2,1,1,1]*B[r,1,1,3,1,3,1]/r-4/27*hb^2/La^2*B[r,1,2,2,2,1,1]*A[r,1,2,3,3,1]/r+2/27*hb^2/La^2*B[r,1,2,3,3,1,1]*dB[r,1,1,1
,1,1,1]/r-2/27*hb^2/La^2*B[r,1,2,3,3,1,1]*dB[r,1,1,1,2,1,2]/r+1/9*hb^2/La^2*A[r,1,2,3,1,3]*B[r,1,1,3,1,3,1]/r+2/27*hb^2
/La^2*A[r,1,2,1,1,1]*B[r,1,1,1,3,1,3]/r-34/27*hb^2/La^2*A[r,1,2,3,1,3]*B[r,1,1,3,3,1,1]/r+1/9*hb^2/La^2*A[r,1,3,3,1,2]*
B[r,1,2,2,2,1,1]/r+4/3*hb^2/La^2*A[r,1,3,3,1,2]*B[r,1,1,3,3,3,3]/r+64/27*DD[r,3,3]*A[r,1,2,3,3,1]/r-64/27*DD[r,1,1]*A[r
,1,3,2,3,1]/r-1/9*hb^2/La^2*A[r,1,1,2,1,1]*B[r,1,2,3,3,1,1]/r-4/3*hb^2/La^2*B[r,1,2,1,3,1,3]*dB[r,1,2,1,3,1,3]/r-4/27*
hb^2/La^2*A[r,1,3,2,1,3]*B[r,1,1,3,1,3,1]/r-1/9*hb^2/La^2*A[r,1,2,3,1,3]*B[r,1,2,3,1,1,3]/r-14/27*hb^2/La^2*A[r,1,3,2,1
,3]*B[r,1,1,1,1,3,3]/r+1/9*hb^2/La^2*A[r,1,2,3,1,3]*B[r,1,2,2,1,1,2]/r-4/3*hb^2/La^2*A[r,1,1,1,1,2]*B[r,1,1,3,3,3,3]/r-\
37/27*hb^2/La^2*A[r,1,3,3,1,2]*B[r,1,1,1,1,3,3]/r-5/9*hb^2/La^2*A[r,1,2,1,1,1]*B[r,1,1,1,1,3,3]/r-22/27*hb^2/La^2*A[r,1
,1,2,1,1]*B[r,1,1,1,1,3,3]/r-1/9*hb^2/La^2*A[r,1,2,1,1,1]*B[r,1,2,1,1,3,3]/r+1/9*hb^2/La^2*A[r,1,2,1,1,1]*B[r,1,2,2,2,1
,1]/r-1/9*hb^2/La^2*A[r,1,3,2,1,3]*B[r,1,2,1,1,3,3]/r-2*hb^2/La^2*B0[r,1,1,1,1]*dB0[r,1,1,1,1]/r-hb^2/La^2*B0[r,1,1,3,3
]*dB0[r,1,1,3,3]/r-2*hb^2/La^2*B0[r,1,2,1,1]*dB0[r,1,2,1,1]/r+1/9*hb^2/La^2*A[r,1,2,1,1,1]*B[r,1,2,3,1,1,3]/r-1/9*hb^2/
La^2*A[r,1,2,3,1,3]*B[r,1,2,2,2,1,1]/r-2/3*hb^2/La^2*B[r,1,2,2,1,1,2]*dB[r,1,2,1,2,1,2]/r+1/27*hb^2/La^2*B[r,1,1,3,3,3,
3]*dB[r,1,1,3,3,3,3]/r-2/3*hb^2/La^2*B[r,1,2,2,2,1,1]*dB[r,1,2,1,2,1,2]/r-2/3*hb^2/La^2*B[r,1,2,2,2,1,1]*dB[r,1,2,2,1,1
,2]/r-2/3*hb^2/La^2*dB[r,1,2,2,2,1,1]*B[r,1,2,1,2,1,2]/r-2/3*hb^2/La^2*dB[r,1,2,2,2,1,1]*B[r,1,2,2,1,1,2]/r-2/3*hb^2/La
^2*B[r,1,2,1,2,1,2]*dB[r,1,2,2,1,1,2]/r+2/27*hb^2/La^2*B[r,1,1,1,1,3,3]*dB[r,1,1,1,1,3,3]/r+2/27*hb^2/La^2*B[r,1,2,2,2,
1,1]*dB[r,1,1,3,3,1,1]/r+1/9*hb^2/La^2*A[r,1,3,2,1,3]*B[r,1,2,3,3,1,1]/r)/M+2*D0[r]
