-7/648*hb^2/La^3*B[r,1,2,1,1,3,3]*B[r,1,2,3,3,1,1]+19/324*hb^2/La^3*B[r,1,2,2,1,1,2]*B[r,1,1,1,3,1,3]-19/324*hb^2/La^3*
B[r,1,2,2,2,1,1]*B[r,1,1,1,3,1,3]-23/108*hb^2/La^3*B[r,1,1,1,1,3,3]*B[r,1,1,1,1,1,1]+47/324*hb^2/La^3*B[r,1,1,1,1,3,3]*
B[r,1,1,1,2,1,2]-13/324/La^3*B[r,1,2,3,1,1,3]*hb^2*B[r,1,1,1,2,1,2]+4/81/La^3*B[r,1,2,3,1,1,3]*hb^2*B[r,1,1,1,1,3,3]+19
/324*hb^2/La^3*B[r,1,2,3,1,1,3]*B[r,1,1,3,1,3,1]-35/648/La^3*B[r,1,2,2,2,1,1]*hb^2*B[r,1,1,3,3,3,3]-1/18/La^3*B[r,1,2,3
,3,1,1]*hb^2*B[r,1,1,1,1,1,1]-4/81/La^3*B[r,1,2,3,3,1,1]*hb^2*B[r,1,1,1,2,1,2]-7/108/La^3*B[r,1,1,3,1,3,1]*hb^2*B[r,1,1
,1,1,1,1]+23/324/La^3*B[r,1,1,3,1,3,1]*hb^2*B[r,1,1,1,2,1,2]-1/36/La^3*B[r,1,1,3,1,3,1]*hb^2*B[r,1,1,1,1,3,3]-5/81/La^3
*B[r,1,1,1,3,1,3]*hb^2*B[r,1,1,3,3,1,1]-4/81/La^3*B[r,1,2,2,2,1,1]*hb^2*B[r,1,1,3,3,1,1]+17/108/La^3*B[r,1,2,3,1,1,3]*
hb^2*B[r,1,1,1,1,1,1]-10/81*hb^2/La^3*B[r,1,1,3,3,3,3]*B[r,1,1,3,3,1,1]-161/648*hb^2/La^3*B[r,1,1,1,1,1,1]^2+1/648*hb^2
/La^3*B[r,1,2,1,1,3,3]^2-5/54*hb^2/La^3*B[r,1,1,3,3,1,1]^2-25/648*hb^2/La^3*B[r,1,1,3,3,3,3]^2-1/648*hb^2/La^3*B[r,1,1,
3,1,3,1]^2-31/648*hb^2/La^3*B[r,1,1,1,1,3,3]^2-1/216*hb^2/La^3*B[r,1,2,2,1,1,2]^2-5/648*hb^2/La^3*B[r,1,2,3,1,1,3]^2-1/
216*hb^2/La^3*B[r,1,2,2,2,1,1]^2-89/648*hb^2/La^3*B[r,1,1,1,2,1,2]^2-5/648*hb^2/La^3*B[r,1,2,1,2,1,2]^2+1/648*hb^2/La^3
*B[r,1,2,3,3,1,1]^2-1/648*hb^2/La^3*B[r,1,2,3,3,3,3]^2+4/9/La*DD[r,1,1]*B[r,1,1,1,1,1,1]+16/81/La*DD[r,3,3]*B[r,1,1,3,3
,1,1]+10/81/La*DD[r,3,3]*B[r,1,1,3,3,3,3]-7/81/La*B[r,1,2,2,1,1,2]*DD[r,3,3]-14/81/La*B[r,1,2,3,1,1,3]*DD[r,1,1]+(-32/
81*hb^2/La^2*B[r,1,1,1,1,3,3]*C[r,1,1,1,1]-14/81*hb^2/La^2*B[r,1,2,1,1,3,3]*C[r,1,1,1,1]+14/81*hb^2/La^2*B[r,1,2,1,1,3,
3]*C[r,1,2,1,2]+8/81*ddB[r,1,1,1,1,1,1]*hb^2/La^2*B[r,1,1,1,1,3,3]+5/162*hb^2/La^2*B[r,1,1,3,3,3,3]*ddB[r,1,1,3,3,3,3]+
31/5832*hb^2/La^2*dB[r,1,2,1,2,1,2]*dB[r,1,2,2,1,1,2]+37/5832*hb^2/La^2*dB[r,1,2,1,1,3,3]*dB[r,1,2,3,3,1,1]-7/162*hb^2/
La^2*B[r,1,2,1,1,3,3]*dA[r,1,1,2,3,3]+46/729*dB[r,1,2,3,3,1,1]*hb^2/La^2*dB[r,1,1,1,1,1,1]-91/1458*dB[r,1,2,3,3,1,1]*hb
^2/La^2*dB[r,1,1,1,2,1,2]+55/1944*dB[r,1,2,3,3,1,1]*hb^2/La^2*dB[r,1,1,1,1,3,3]+29/486*dB[r,1,2,2,2,1,1]*hb^2/La^2*dB[r
,1,1,3,3,1,1]+185/5832*dB[r,1,2,2,2,1,1]*hb^2/La^2*dB[r,1,1,3,3,3,3]+181/972*hb^2/La^2*dB[r,1,1,1,1,3,3]*dB[r,1,1,1,1,1
,1]-143/972*hb^2/La^2*dB[r,1,1,1,1,3,3]*dB[r,1,1,1,2,1,2]-29/486*dB[r,1,2,3,1,1,3]*hb^2/La^2*dB[r,1,1,1,1,3,3]-7/81*hb^
2/La^2*C[r,1,1,3,3]*B[r,1,2,1,1,3,3]-16/81*hb^2/La^2*B[r,1,1,3,3,1,1]*C[r,3,3,3,3]-4/9*hb^2/La^2*B[r,1,1,1,1,1,1]*C[r,1
,1,3,3]-1/54*hb^2/La^2*A[r,1,1,2,3,3]*dB[r,1,1,3,1,3,1]+5/162*hb^2/La^2*A[r,1,3,2,3,1]*dB[r,1,1,1,1,3,3]-5/54*hb^2/La^2
*A[r,1,1,2,3,3]*dB[r,1,1,1,1,1,1]+5/162*hb^2/La^2*A[r,1,1,2,3,3]*dB[r,1,1,1,2,1,2]-2/27*hb^2/La^2*A[r,1,2,3,3,1]*dB[r,1
,1,3,3,1,1]+7/162*hb^2/La^2*B[r,1,2,3,3,1,1]*dA[r,1,3,2,3,1]+7/162*hb^2/La^2*B[r,1,2,2,2,1,1]*ddB[r,1,1,3,3,1,1]+175/
2916*dB[r,1,2,1,1,3,3]*hb^2/La^2*dB[r,1,1,1,1,1,1]-155/2916*dB[r,1,2,1,1,3,3]*hb^2/La^2*dB[r,1,1,1,2,1,2]+61/1944*dB[r,
1,2,1,1,3,3]*hb^2/La^2*dB[r,1,1,1,1,3,3]+31/5832*hb^2/La^2*dB[r,1,2,2,2,1,1]*dB[r,1,2,1,2,1,2]-5/648*hb^2/La^2*dB[r,1,2
,2,2,1,1]*dB[r,1,2,2,1,1,2]+7/81*hb^2/La^2*B[r,1,2,3,1,1,3]*dA[r,1,1,2,3,3]+7/81*hb^2/La^2*B[r,1,2,2,1,1,2]*dA[r,1,2,3,
3,1]-10/81*hb^2/La^2*B[r,1,1,3,3,3,3]*C[r,3,3,3,3]-16/81*hb^2/La^2*B[r,1,1,1,1,3,3]*C[r,1,1,3,3]-29/486*dB[r,1,2,2,1,1,
2]*hb^2/La^2*dB[r,1,1,3,3,1,1]-185/5832*dB[r,1,2,2,1,1,2]*hb^2/La^2*dB[r,1,1,3,3,3,3]-7/81*hb^2/La^2*B[r,1,2,2,2,1,1]*
dA[r,1,2,3,3,1]-4/81*hb^2/La^2*A[r,1,1,2,3,3]*dB[r,1,2,1,1,3,3]-8/9*hb^2/La^2*C[r,1,1,1,1]*B[r,1,1,1,1,1,1]+56/81*hb^2/
La^2*C[r,1,1,1,1]*B[r,1,1,1,2,1,2]+8/9*hb^2/La^2*B[r,1,1,1,1,1,1]*C[r,1,2,1,2]-7/324*hb^2/La^2*B[r,1,2,2,1,1,2]*ddB[r,1
,1,3,3,3,3]+7/81*hb^2/La^2*B[r,1,2,3,1,1,3]*ddB[r,1,1,1,2,1,2]-14/81*hb^2/La^2*C[r,3,3,1,1]*B[r,1,2,2,2,1,1]-2/9*hb^2/
La^2*B[r,1,1,1,1,1,1]*ddB[r,1,1,1,2,1,2]-14/81*hb^2/La^2*ddB[r,1,1,1,1,1,1]*B[r,1,1,1,2,1,2]+14/81*hb^2/La^2*B[r,1,1,1,
2,1,2]*ddB[r,1,1,1,2,1,2]-7/81*hb^2/La^2*C[r,1,1,3,3]*B[r,1,2,3,3,1,1]+14/81*hb^2/La^2*C[r,3,3,1,1]*B[r,1,2,2,1,1,2]+7/
81*hb^2/La^2*C[r,3,3,3,3]*B[r,1,2,2,1,1,2]+28/81*hb^2/La^2*B[r,1,2,3,1,1,3]*C[r,1,1,1,1]-56/81*hb^2/La^2*B[r,1,1,1,2,1,
2]*C[r,1,2,1,2]-32/81*hb^2/La^2*B[r,1,1,3,3,1,1]*C[r,3,3,1,1]+14/81*hb^2/La^2*B[r,1,2,3,3,1,1]*C[r,1,2,1,2]+5/162*hb^2/
La^2*A[r,1,3,2,3,1]*dB[r,1,2,1,1,3,3]-11/2916*hb^2/La^2*dB[r,1,2,2,1,1,2]*dB[r,1,1,1,3,1,3]+7/162*hb^2/La^2*B[r,1,2,1,1
,3,3]*dA[r,1,3,2,3,1]+5/162*hb^2/La^2*A[r,1,3,2,3,1]*dB[r,1,1,3,1,3,1]+1/2916*hb^2/La^2*dB[r,1,2,1,1,3,3]*dB[r,1,1,3,1,
3,1]-7/729*hb^2/La^2*dB[r,1,2,1,1,3,3]*dB[r,1,2,3,1,1,3]+5/1458*hb^2/La^2*dB[r,1,2,3,3,3,3]*dB[r,1,2,1,3,1,3]-7/162*hb^
2/La^2*B[r,1,2,3,3,1,1]*dA[r,1,1,2,3,3]+14/81*hb^2/La^2*C[r,1,1,3,3]*B[r,1,2,3,1,1,3]-5/81*hb^2/La^2*A[r,1,2,3,3,1]*dB[
r,1,1,3,3,3,3]+17/162*hb^2/La^2*A[r,1,3,2,3,1]*dB[r,1,1,1,1,1,1]-11/162*hb^2/La^2*A[r,1,3,2,3,1]*dB[r,1,1,1,2,1,2]-7/81
*hb^2/La^2*B[r,1,2,3,1,1,3]*dA[r,1,3,2,3,1]-7/162*hb^2/La^2*B[r,1,2,3,1,1,3]*ddB[r,1,1,1,1,3,3]+28/81*hb^2/La^2*C[r,1,1
,3,3]*B[r,1,1,1,2,1,2]+8/81*hb^2/La^2*B[r,1,1,3,3,1,1]*ddB[r,1,1,3,3,1,1]+7/324*hb^2/La^2*B[r,1,2,2,2,1,1]*ddB[r,1,1,3,
3,3,3]+5/1458*hb^2/La^2*dB[r,1,2,3,3,1,1]*dB[r,1,1,3,1,3,1]-11/2916*hb^2/La^2*dB[r,1,2,3,1,1,3]*dB[r,1,1,3,1,3,1]+7/324
*hb^2/La^2*B[r,1,2,3,3,1,1]*ddB[r,1,1,1,1,3,3]-8/81*hb^2/La^2*B[r,1,1,1,1,3,3]*dA[r,1,1,2,3,3]-16/81*hb^2/La^2*B[r,1,1,
3,3,1,1]*dA[r,1,2,3,3,1]+5/81*ddB[r,1,1,3,3,1,1]*hb^2/La^2*B[r,1,1,3,3,3,3]-20/81*hb^2/La^2*B[r,1,1,3,3,3,3]*C[r,3,3,1,
1]+32/81*hb^2/La^2*B[r,1,1,1,1,3,3]*C[r,1,2,1,2]+25/1458*dB[r,1,1,1,3,1,3]*hb^2/La^2*dB[r,1,1,3,3,3,3]-1033/2916*hb^2/
La^2*dB[r,1,1,1,1,1,1]*dB[r,1,1,1,2,1,2]+1/9*ddB[r,1,1,1,1,3,3]*hb^2/La^2*B[r,1,1,1,1,1,1]-7/81*ddB[r,1,1,1,1,3,3]*hb^2
/La^2*B[r,1,1,1,2,1,2]-17/5832*hb^2/La^2*dB[r,1,2,3,3,3,3]*dB[r,1,2,2,1,1,2]-10/81*hb^2/La^2*B[r,1,1,3,3,3,3]*dA[r,1,2,
3,3,1]-8/81*hb^2/La^2*B[r,1,1,3,1,3,1]*C[r,1,1,1,1]+8/81*hb^2/La^2*B[r,1,1,3,1,3,1]*C[r,1,2,1,2]+1/81*hb^2/La^2*B[r,1,1
,3,1,3,1]*ddB[r,1,1,1,1,3,3]+2/81*hb^2/La^2*B[r,1,1,3,1,3,1]*dA[r,1,3,2,3,1]-2/81*hb^2/La^2*B[r,1,1,3,1,3,1]*dA[r,1,1,2
,3,3]-4/81*hb^2/La^2*B[r,1,1,1,3,1,3]*dA[r,1,2,3,3,1]+2/81*hb^2/La^2*B[r,1,1,3,1,3,1]*ddB[r,1,1,1,1,1,1]+1/18*hb^2/La^2
*A0[r,1,1,2]*A[r,1,1,1,1,2]+1/18*hb^2/La^2*A0[r,1,1,2]*A[r,1,2,1,1,1]+1/9*hb^2/La^2*A[r,1,1,2,1,1]*A0[r,1,1,2]+1/18*hb^
2/La^2*A[r,1,3,2,1,3]*A0[r,1,1,2]+1/9*hb^2/La^2*A[r,1,3,3,1,2]*A[r,1,1,1,1,2]-1/9*hb^2/La^2*A[r,1,2,3,1,3]*A[r,1,1,1,1,
2]+1/9*hb^2/La^2*A[r,1,2,3,1,3]*A[r,1,2,1,1,1]-1/9*hb^2/La^2*A[r,1,3,3,1,2]*A[r,1,2,1,1,1]+2/81*hb^2/La^2*B[r,1,1,1,3,1
,3]*ddB[r,1,1,3,3,1,1]-2/81*hb^2/La^2*B[r,1,1,3,1,3,1]*ddB[r,1,1,1,2,1,2]+1/9*hb^2/La^2*A[r,1,3,2,3,1]*A[r,1,1,2,3,3]-4
/81*hb^2/La^2*C[r,1,1,3,3]*B[r,1,1,3,1,3,1]-4/81*hb^2/La^2*C[r,3,3,3,3]*B[r,1,1,1,3,1,3]+1/81*hb^2/La^2*B[r,1,1,1,3,1,3
]*ddB[r,1,1,3,3,3,3]-8/81*hb^2/La^2*C[r,3,3,1,1]*B[r,1,1,1,3,1,3]+16/81*ddB[r,1,1,1,2,1,2]*DD[r,1,1]+8/81*A[r,1,1,2,3,3
]*dDD[r,1,1]-8/81*ddB[r,1,1,1,1,3,3]*DD[r,1,1]-20/729*dB[r,1,1,1,3,1,3]*dDD[r,3,3]+37/729*dB[r,1,2,2,1,1,2]*dDD[r,3,3]+
74/729*dB[r,1,2,3,1,1,3]*dDD[r,1,1]-37/729*dB[r,1,2,2,2,1,1]*dDD[r,3,3]-37/729*dB[r,1,2,3,3,1,1]*dDD[r,1,1]+64/81*C[r,1
,1,1,1]*DD[r,1,1]-16/81*ddB[r,1,1,1,1,1,1]*DD[r,1,1]-37/729*dB[r,1,2,1,1,3,3]*dDD[r,1,1]-40/243*dDD[r,3,3]*dB[r,1,1,3,3
,1,1]-70/729*dDD[r,3,3]*dB[r,1,1,3,3,3,3]+32/81*C[r,1,1,3,3]*DD[r,1,1]-8/81*ddB[r,1,1,3,3,1,1]*DD[r,3,3]-8/81*A[r,1,3,2
,3,1]*dDD[r,1,1]+8/81*A[r,1,2,3,3,1]*dDD[r,3,3]-20/729*dB[r,1,1,3,1,3,1]*dDD[r,1,1]+16/81*C[r,3,3,3,3]*DD[r,3,3]+16/81*
DD[r,1,1]*dA[r,1,1,2,3,3]-260/729*dDD[r,1,1]*dB[r,1,1,1,1,1,1]+220/729*dDD[r,1,1]*dB[r,1,1,1,2,1,2]-40/243*dDD[r,1,1]*
dB[r,1,1,1,1,3,3]+16/81*DD[r,3,3]*dA[r,1,2,3,3,1]-16/81*DD[r,1,1]*dA[r,1,3,2,3,1]-4/81*ddB[r,1,1,3,3,3,3]*DD[r,3,3]-64/
81*C[r,1,2,1,2]*DD[r,1,1]+32/81*C[r,3,3,1,1]*DD[r,3,3]+29/5832*hb^2/La^2*dB[r,1,2,2,1,1,2]^2+31/5832*hb^2/La^2*dB[r,1,2
,1,2,1,2]^2+47/5832*hb^2/La^2*dB[r,1,2,3,1,1,3]^2+29/5832*hb^2/La^2*dB[r,1,2,2,2,1,1]^2+5/5832*hb^2/La^2*dB[r,1,2,3,3,1
,1]^2+1211/5832*hb^2/La^2*dB[r,1,1,1,1,1,1]^2-1/18*hb^2/La^2*A[r,1,3,2,3,1]^2-1/18*hb^2/La^2*A[r,1,1,2,3,3]^2-1/9*hb^2/
La^2*A[r,1,2,3,3,1]^2+56/729/hb^2*La^2*dDD[r,3,3]^2+7/81*hb^2/La^2*dB[r,1,1,3,3,1,1]^2+29/648*hb^2/La^2*dB[r,1,1,1,1,3,
3]^2+175/5832*hb^2/La^2*dB[r,1,1,3,3,3,3]^2+899/5832*hb^2/La^2*dB[r,1,1,1,2,1,2]^2+112/729/hb^2*La^2*dDD[r,1,1]^2+11/
5832*hb^2/La^2*dB[r,1,1,3,1,3,1]^2+1/1458*hb^2/La^2*dB[r,1,1,1,3,1,3]^2+5/5832*hb^2/La^2*dB[r,1,2,1,1,3,3]^2+7/5832*hb^
2/La^2*dB[r,1,2,3,3,3,3]^2+1/1458*hb^2/La^2*dB[r,1,2,1,3,1,3]^2+8/81*hb^2/La^2*B[r,1,1,1,1,3,3]*dA[r,1,3,2,3,1]+25/243*
hb^2/La^2*dB[r,1,1,3,3,3,3]*dB[r,1,1,3,3,1,1]-7/2916*hb^2/La^2*dB[r,1,2,1,3,1,3]*dB[r,1,2,2,2,1,1]-7/1458*hb^2/La^2*dB[
r,1,2,1,3,1,3]*dB[r,1,2,1,2,1,2]-7/2916*hb^2/La^2*dB[r,1,2,1,3,1,3]*dB[r,1,2,2,1,1,2]-7/729*hb^2/La^2*dB[r,1,2,3,1,1,3]
*dB[r,1,2,3,3,1,1]-13/162*hb^2/La^2*A[r,1,3,2,3,1]*dB[r,1,2,3,1,1,3]-7/81*hb^2/La^2*B[r,1,2,3,1,1,3]*ddB[r,1,1,1,1,1,1]
+8/243*dB[r,1,1,1,3,1,3]*hb^2/La^2*dB[r,1,1,3,3,1,1]+107/2916*dB[r,1,1,3,1,3,1]*hb^2/La^2*dB[r,1,1,1,1,1,1]-121/2916*dB
[r,1,1,3,1,3,1]*hb^2/La^2*dB[r,1,1,1,2,1,2]+13/972*dB[r,1,1,3,1,3,1]*hb^2/La^2*dB[r,1,1,1,1,3,3]+4/81*hb^2/La^2*B[r,1,1
,1,1,3,3]*ddB[r,1,1,1,1,3,3]+4/81*ddB[r,1,1,3,3,3,3]*hb^2/La^2*B[r,1,1,3,3,1,1]-28/81*hb^2/La^2*B[r,1,2,3,1,1,3]*C[r,1,
2,1,2]-7/81*hb^2/La^2*C[r,3,3,3,3]*B[r,1,2,2,2,1,1]-8/81*ddB[r,1,1,1,2,1,2]*hb^2/La^2*B[r,1,1,1,1,3,3]+11/2916*hb^2/La^
2*dB[r,1,2,2,2,1,1]*dB[r,1,1,1,3,1,3]-359/2916*dB[r,1,2,3,1,1,3]*hb^2/La^2*dB[r,1,1,1,1,1,1]+337/2916*dB[r,1,2,3,1,1,3]
*hb^2/La^2*dB[r,1,1,1,2,1,2]-14/81*hb^2/La^2*dA[r,1,3,2,3,1]*B[r,1,1,1,2,1,2]-2/9*hb^2/La^2*B[r,1,1,1,1,1,1]*dA[r,1,1,2
,3,3]-7/162*hb^2/La^2*B[r,1,2,2,1,1,2]*ddB[r,1,1,3,3,1,1]+2/9*hb^2/La^2*B[r,1,1,1,1,1,1]*ddB[r,1,1,1,1,1,1]+4/81*hb^2/
La^2*A[r,1,3,2,3,1]*dB[r,1,2,3,3,1,1]+7/162*hb^2/La^2*B[r,1,2,3,3,1,1]*ddB[r,1,1,1,1,1,1]-7/162*hb^2/La^2*B[r,1,2,3,3,1
,1]*ddB[r,1,1,1,2,1,2]+13/162*hb^2/La^2*A[r,1,1,2,3,3]*dB[r,1,2,3,1,1,3]+14/81*hb^2/La^2*dA[r,1,1,2,3,3]*B[r,1,1,1,2,1,
2]+2/9*hb^2/La^2*dA[r,1,3,2,3,1]*B[r,1,1,1,1,1,1]-4/81*hb^2/La^2*A[r,1,2,3,3,1]*dB[r,1,1,1,3,1,3]-13/162*hb^2/La^2*A[r,
1,2,3,3,1]*dB[r,1,2,2,2,1,1]+13/162*hb^2/La^2*A[r,1,2,3,3,1]*dB[r,1,2,2,1,1,2]+7/324*hb^2/La^2*B[r,1,2,1,1,3,3]*ddB[r,1
,1,1,1,3,3]+7/162*hb^2/La^2*B[r,1,2,1,1,3,3]*ddB[r,1,1,1,1,1,1]-7/162*hb^2/La^2*B[r,1,2,1,1,3,3]*ddB[r,1,1,1,2,1,2]-5/
162*hb^2/La^2*A[r,1,1,2,3,3]*dB[r,1,2,3,3,1,1]-17/5832*hb^2/La^2*dB[r,1,2,3,3,3,3]*dB[r,1,2,2,2,1,1]-17/2916*hb^2/La^2*
dB[r,1,2,3,3,3,3]*dB[r,1,2,1,2,1,2]-7/162*hb^2/La^2*A[r,1,1,2,3,3]*dB[r,1,1,1,1,3,3]-14/81*hb^2/La^2*C[r,1,1,1,1]*B[r,1
,2,3,3,1,1]-4/81*hb^2/La^2*B[r,1,1,3,3,1,1]^2/r^2-1/324*hb^2/La^2*B[r,1,1,1,1,3,3]^2/r^2+65/2916*hb^2/La^2*B[r,1,2,2,2,
1,1]^2/r^2-13/2916*hb^2/La^2*B[r,1,2,1,1,3,3]^2/r^2+1/162*hb^2/La^2*B[r,1,2,3,3,3,3]^2/r^2+29/2916*hb^2/La^2*B[r,1,1,3,
1,3,1]^2/r^2-5/1458*hb^2/La^2*B[r,1,1,3,3,3,3]^2/r^2+2/729*hb^2/La^2*B[r,1,1,1,3,1,3]^2/r^2+29/2916*hb^2/La^2*B[r,1,2,3
,1,1,3]^2/r^2+5/162*hb^2/La^2*B[r,1,2,1,2,1,2]^2/r^2+65/2916*hb^2/La^2*B[r,1,2,2,1,1,2]^2/r^2-26/729*B[r,1,1,1,3,1,3]*
hb^2/La^2*B[r,1,1,1,1,1,1]/r^2+22/729*B[r,1,1,1,3,1,3]*hb^2/La^2*B[r,1,1,1,2,1,2]/r^2-4/243*B[r,1,1,1,3,1,3]*hb^2/La^2*
B[r,1,1,1,1,3,3]/r^2-31/729*hb^2/La^2*B[r,1,1,3,3,3,3]*B[r,1,1,1,2,1,2]/r^2+4/81*hb^2/La^2*B[r,1,1,1,1,3,3]*B[r,1,1,3,3
,1,1]/r^2+4/243*hb^2/La^2*B[r,1,1,3,3,3,3]*B[r,1,1,1,1,3,3]/r^2+20/243*hb^2/La^2*B[r,1,1,3,3,1,1]*B[r,1,1,1,1,1,1]/r^2+
55/486*hb^2/La^2*B[r,1,1,1,1,3,3]*B[r,1,1,1,2,1,2]/r^2-11/1458*hb^2/La^2*B[r,1,2,3,3,1,1]*B[r,1,1,1,3,1,3]/r^2+1/324*hb
^2/La^2*B[r,1,2,3,3,1,1]*B[r,1,2,1,2,1,2]/r^2+65/2916*hb^2/La^2*B[r,1,2,3,3,1,1]*B[r,1,2,2,1,1,2]/r^2-448/729/hb^2*La^2
*DD[r,3,3]*DD[r,1,1]/r^2+14/729*B[r,1,1,1,3,1,3]*hb^2/La^2*B[r,1,1,3,3,3,3]/r^2-16/243*hb^2/La^2*B[r,1,1,3,3,1,1]*B[r,1
,2,2,1,1,2]/r^2-107/1458*hb^2/La^2*B[r,1,1,1,1,1,1]*B[r,1,2,3,1,1,3]/r^2-11/1458*hb^2/La^2*B[r,1,2,2,2,1,1]*B[r,1,1,3,1
,3,1]/r^2-1/27*hb^2/La^2*B[r,1,2,3,3,3,3]*B[r,1,2,1,2,1,2]/r^2-1/162*hb^2/La^2*B[r,1,2,1,1,3,3]*B[r,1,2,1,3,1,3]/r^2+65
/1458*hb^2/La^2*B[r,1,2,3,1,1,3]*B[r,1,2,2,2,1,1]/r^2+1/324*hb^2/La^2*B[r,1,2,1,1,3,3]*B[r,1,2,1,2,1,2]/r^2-19/729*hb^2
/La^2*B[r,1,2,3,1,1,3]*B[r,1,2,2,1,1,2]/r^2+11/1458*hb^2/La^2*B[r,1,2,2,1,1,2]*B[r,1,1,3,1,3,1]/r^2+55/2916*hb^2/La^2*B
[r,1,2,1,1,3,3]*B[r,1,2,3,3,1,1]/r^2-19/729*hb^2/La^2*B[r,1,2,2,1,1,2]*B[r,1,2,2,2,1,1]/r^2-1/162*hb^2/La^2*B[r,1,2,1,3
,1,3]*B[r,1,2,3,3,1,1]/r^2+53/1458*B[r,1,1,3,1,3,1]*hb^2/La^2*B[r,1,1,1,1,1,1]/r^2-103/1458*B[r,1,1,3,1,3,1]*hb^2/La^2*
B[r,1,1,1,2,1,2]/r^2-5/486*B[r,1,1,3,1,3,1]*hb^2/La^2*B[r,1,1,1,1,3,3]/r^2+8/243*B[r,1,1,1,3,1,3]*hb^2/La^2*B[r,1,1,3,3
,1,1]/r^2+11/729*hb^2/La^2*B[r,1,2,3,1,1,3]*B[r,1,1,1,3,1,3]/r^2+16/243*hb^2/La^2*B[r,1,1,3,3,1,1]*B[r,1,2,2,2,1,1]/r^2
+19/1458*hb^2/La^2*B[r,1,2,3,3,1,1]*B[r,1,1,3,1,3,1]/r^2+8/243*hb^2/La^2*B[r,1,1,1,1,3,3]*B[r,1,2,2,1,1,2]/r^2-8/243*hb
^2/La^2*B[r,1,1,3,3,1,1]*B[r,1,2,1,1,3,3]/r^2-19/1458*hb^2/La^2*B[r,1,2,3,3,1,1]*B[r,1,2,2,2,1,1]/r^2-11/1458*hb^2/La^2
*B[r,1,2,3,1,1,3]*B[r,1,1,3,1,3,1]/r^2-4/729*hb^2/La^2*B[r,1,2,1,1,3,3]*B[r,1,1,3,1,3,1]/r^2+25/972*hb^2/La^2*B[r,1,1,1
,1,3,3]*B[r,1,2,1,1,3,3]/r^2+59/1458*hb^2/La^2*B[r,1,1,3,3,3,3]*B[r,1,2,3,1,1,3]/r^2+85/1458*hb^2/La^2*B[r,1,2,3,1,1,3]
*B[r,1,1,1,2,1,2]/r^2-8/243*hb^2/La^2*B[r,1,1,3,3,3,3]*B[r,1,1,3,3,1,1]/r^2+1/162*hb^2/La^2*B[r,1,2,3,3,3,3]*B[r,1,2,3,
1,1,3]/r^2-8/243*hb^2/La^2*B[r,1,1,1,1,3,3]*B[r,1,2,2,2,1,1]/r^2-59/1458*hb^2/La^2*B[r,1,1,3,3,3,3]*B[r,1,2,2,1,1,2]/r^
2-59/2916*hb^2/La^2*B[r,1,1,3,3,3,3]*B[r,1,2,1,1,3,3]/r^2+20/729*hb^2/La^2*B[r,1,2,1,1,3,3]*B[r,1,1,1,1,1,1]/r^2-1/729*
hb^2/La^2*B[r,1,2,1,1,3,3]*B[r,1,1,1,2,1,2]/r^2+1/324*hb^2/La^2*B[r,1,2,3,3,3,3]*B[r,1,2,1,1,3,3]/r^2-19/1458*hb^2/La^2
*B[r,1,2,1,1,3,3]*B[r,1,2,2,2,1,1]/r^2-1/81*hb^2/La^2*B[r,1,2,1,3,1,3]*B[r,1,2,2,2,1,1]/r^2-2/81*hb^2/La^2*B[r,1,2,1,3,
1,3]*B[r,1,2,1,2,1,2]/r^2-1/81*hb^2/La^2*B[r,1,2,1,3,1,3]*B[r,1,2,2,1,1,2]/r^2-232/729*B[r,1,1,1,1,1,1]*DD[r,1,1]/r^2+
152/729*B[r,1,1,1,2,1,2]*DD[r,1,1]/r^2-64/243*B[r,1,1,3,3,1,1]*DD[r,3,3]/r^2-74/729*B[r,1,2,1,1,3,3]*DD[r,1,1]/r^2-32/
243*B[r,1,1,1,1,3,3]*DD[r,1,1]/r^2-136/729*B[r,1,1,3,3,3,3]*DD[r,3,3]/r^2+80/729*B[r,1,1,1,3,1,3]*DD[r,1,1]/r^2-74/729*
B[r,1,2,3,3,1,1]*DD[r,1,1]/r^2+74/729*B[r,1,2,3,3,1,1]*DD[r,3,3]/r^2+148/729*B[r,1,2,2,1,1,2]*DD[r,3,3]/r^2+32/243*B[r,
1,1,1,1,3,3]*DD[r,3,3]/r^2+232/729*B[r,1,1,1,1,1,1]*DD[r,3,3]/r^2-152/729*B[r,1,1,1,2,1,2]*DD[r,3,3]/r^2+74/729*B[r,1,2
,1,1,3,3]*DD[r,3,3]/r^2+148/729*B[r,1,2,3,1,1,3]*DD[r,1,1]/r^2-148/729*B[r,1,2,2,2,1,1]*DD[r,3,3]/r^2+148/729*B[r,1,2,2
,2,1,1]*DD[r,1,1]/r^2-40/729*B[r,1,1,3,1,3,1]*DD[r,1,1]/r^2-80/729*B[r,1,1,1,3,1,3]*DD[r,3,3]/r^2-148/729*B[r,1,2,2,1,1
,2]*DD[r,1,1]/r^2+136/729*B[r,1,1,3,3,3,3]*DD[r,1,1]/r^2+40/729*B[r,1,1,3,1,3,1]*DD[r,3,3]/r^2-148/729*B[r,1,2,3,1,1,3]
*DD[r,3,3]/r^2+64/243*B[r,1,1,3,3,1,1]*DD[r,1,1]/r^2+11/729*hb^2/La^2*B[r,1,2,2,2,1,1]*B[r,1,1,1,3,1,3]/r^2-37/1458*hb^
2/La^2*B[r,1,2,3,1,1,3]*B[r,1,2,3,3,1,1]/r^2+5/162*hb^2/La^2*B[r,1,2,1,2,1,2]*B[r,1,2,2,2,1,1]/r^2+1/324*hb^2/La^2*B[r,
1,2,3,3,3,3]*B[r,1,2,3,3,1,1]/r^2+85/1458*hb^2/La^2*B[r,1,2,2,2,1,1]*B[r,1,1,1,2,1,2]/r^2-59/2916*hb^2/La^2*B[r,1,1,3,3
,3,3]*B[r,1,2,3,3,1,1]/r^2-11/729*hb^2/La^2*B[r,1,2,2,1,1,2]*B[r,1,1,1,3,1,3]/r^2+1/162*hb^2/La^2*B[r,1,2,3,1,1,3]*B[r,
1,2,1,2,1,2]/r^2-4/243*B[r,1,1,3,1,3,1]*hb^2/La^2*B[r,1,1,3,3,1,1]/r^2-7/729*B[r,1,1,3,1,3,1]*hb^2/La^2*B[r,1,1,3,3,3,3
]/r^2+16/243*hb^2/La^2*B[r,1,1,3,3,1,1]*B[r,1,2,3,1,1,3]/r^2-83/1458*hb^2/La^2*B[r,1,2,3,3,1,1]*B[r,1,1,1,2,1,2]/r^2+59
/1458*hb^2/La^2*B[r,1,1,3,3,3,3]*B[r,1,2,2,2,1,1]/r^2+7/972*hb^2/La^2*B[r,1,1,1,1,3,3]*B[r,1,2,3,3,1,1]/r^2+2/81*hb^2/
La^2*B[r,1,2,3,3,3,3]*B[r,1,2,1,3,1,3]/r^2+65/2916*hb^2/La^2*B[r,1,2,1,1,3,3]*B[r,1,2,2,1,1,2]/r^2-2/729*hb^2/La^2*B[r,
1,1,3,1,3,1]*B[r,1,1,1,3,1,3]/r^2-85/1458*hb^2/La^2*B[r,1,2,2,1,1,2]*B[r,1,1,1,2,1,2]/r^2-1/54*hb^2/La^2*B[r,1,2,3,3,3,
3]*B[r,1,2,2,2,1,1]/r^2-1/54*hb^2/La^2*B[r,1,2,3,3,3,3]*B[r,1,2,2,1,1,2]/r^2+5/162*hb^2/La^2*B[r,1,2,1,2,1,2]*B[r,1,2,2
,1,1,2]/r^2-1/81*hb^2/La^2*B[r,1,2,1,3,1,3]*B[r,1,2,3,1,1,3]/r^2-37/1458*hb^2/La^2*B[r,1,2,1,1,3,3]*B[r,1,2,3,1,1,3]/r^
2-11/1458*hb^2/La^2*B[r,1,2,1,1,3,3]*B[r,1,1,1,3,1,3]/r^2-28/243*hb^2/La^2*B[r,1,1,3,3,1,1]*B[r,1,1,1,2,1,2]/r^2+17/729
*hb^2/La^2*B[r,1,1,3,3,3,3]*B[r,1,1,1,1,1,1]/r^2-8/243*hb^2/La^2*B[r,1,1,3,3,1,1]*B[r,1,2,3,3,1,1]/r^2-107/1458*hb^2/La
^2*B[r,1,1,1,1,1,1]*B[r,1,2,2,2,1,1]/r^2-8/243*hb^2/La^2*B[r,1,1,1,1,3,3]*B[r,1,2,3,1,1,3]/r^2+67/1458*hb^2/La^2*B[r,1,
1,1,1,1,1]*B[r,1,2,3,3,1,1]/r^2-29/486*hb^2/La^2*B[r,1,1,1,1,3,3]*B[r,1,1,1,1,1,1]/r^2+65/1458*hb^2/La^2*B[r,1,1,1,1,1,
1]*B[r,1,1,1,2,1,2]/r^2+107/1458*hb^2/La^2*B[r,1,1,1,1,1,1]*B[r,1,2,2,1,1,2]/r^2+224/729/hb^2*La^2*DD[r,1,1]^2/r^2+224/
729/hb^2*La^2*DD[r,3,3]^2/r^2-13/2916*hb^2/La^2*B[r,1,2,3,3,1,1]^2/r^2-67/2916*hb^2/La^2*B[r,1,1,1,1,1,1]^2/r^2+53/2916
*hb^2/La^2*B[r,1,1,1,2,1,2]^2/r^2-1/162*hb^2/La^2*A[r,1,1,1,1,2]*B[r,1,1,3,1,3,1]/r+7/162*hb^2/La^2*B[r,1,2,2,2,1,1]*dB
[r,1,1,3,3,3,3]/r+7/162*hb^2/La^2*B[r,1,2,3,3,1,1]*dB[r,1,1,1,1,3,3]/r-7/81*hb^2/La^2*B[r,1,2,2,1,1,2]*dB[r,1,1,3,3,1,1
]/r-19/162*hb^2/La^2*A[r,1,3,3,1,2]*B[r,1,1,1,1,1,1]/r-10/81*hb^2/La^2*A[r,1,1,1,1,2]*B[r,1,1,3,3,1,1]/r-7/81*hb^2/La^2
*B[r,1,2,3,3,1,1]*A[r,1,1,2,3,3]/r+17/162*hb^2/La^2*A[r,1,3,3,1,2]*B[r,1,1,1,2,1,2]/r-7/54*hb^2/La^2*A[r,1,2,1,1,1]*B[r
,1,1,1,1,1,1]/r-1/81*hb^2/La^2*A[r,1,3,2,1,3]*B[r,1,1,1,1,1,1]/r+1/18*hb^2/La^2*A[r,1,2,3,1,3]*B[r,1,1,1,1,3,3]/r+5/81*
hb^2/La^2*A[r,1,2,1,1,1]*B[r,1,1,3,3,3,3]/r+10/81*hb^2/La^2*A[r,1,3,3,1,2]*B[r,1,1,3,3,1,1]/r+8/81*dB[r,1,1,3,3,3,3]*hb
^2/La^2*B[r,1,1,3,3,1,1]/r+2/9*dB[r,1,1,1,1,3,3]*hb^2/La^2*B[r,1,1,1,1,1,1]/r-14/81*dB[r,1,1,1,1,3,3]*hb^2/La^2*B[r,1,1
,1,2,1,2]/r-4/9*hb^2/La^2*B[r,1,1,1,1,1,1]*dB[r,1,1,1,2,1,2]/r-28/81*hb^2/La^2*dB[r,1,1,1,1,1,1]*B[r,1,1,1,2,1,2]/r+28/
81*hb^2/La^2*B[r,1,1,1,2,1,2]*dB[r,1,1,1,2,1,2]/r+16/81*hb^2/La^2*B[r,1,1,3,3,1,1]*dB[r,1,1,3,3,1,1]/r+4/9*hb^2/La^2*B[
r,1,1,1,1,1,1]*dB[r,1,1,1,1,1,1]/r-32/81*hb^2/La^2*B[r,1,1,3,3,1,1]*A[r,1,2,3,3,1]/r+7/162*hb^2/La^2*B[r,1,2,1,1,3,3]*
dB[r,1,1,1,1,3,3]/r+7/81*hb^2/La^2*B[r,1,2,1,1,3,3]*dB[r,1,1,1,1,1,1]/r-8/81*DD[r,3,3]*A[r,1,2,1,1,1]/r+8/81*A[r,1,2,3,
1,3]*DD[r,3,3]/r-8/81*A[r,1,2,3,1,3]*DD[r,1,1]/r+8/81*DD[r,1,1]*A[r,1,2,1,1,1]/r+7/54*hb^2/La^2*A[r,1,2,3,1,3]*B[r,1,1,
1,1,1,1]/r-23/162*hb^2/La^2*A[r,1,2,3,1,3]*B[r,1,1,1,2,1,2]/r+19/162*hb^2/La^2*A[r,1,1,1,1,2]*B[r,1,1,1,1,1,1]/r+23/162
*hb^2/La^2*A[r,1,2,1,1,1]*B[r,1,1,1,2,1,2]/r+1/81*hb^2/La^2*A[r,1,1,2,1,1]*B[r,1,1,1,1,1,1]/r+11/162*hb^2/La^2*A[r,1,1,
1,1,2]*B[r,1,1,1,1,3,3]/r+1/162*hb^2/La^2*A[r,1,3,3,1,2]*B[r,1,2,3,1,1,3]/r-1/162*hb^2/La^2*A[r,1,3,3,1,2]*B[r,1,2,2,1,
1,2]/r+14/81*hb^2/La^2*B[r,1,2,3,1,1,3]*dB[r,1,1,1,2,1,2]/r+7/81*hb^2/La^2*B[r,1,2,1,1,3,3]*A[r,1,3,2,3,1]/r+1/27*hb^2/
La^2*A[r,1,3,2,1,3]*B[r,1,1,1,2,1,2]/r+1/162*hb^2/La^2*A[r,1,1,1,1,2]*B[r,1,2,2,1,1,2]/r-7/81*hb^2/La^2*B[r,1,2,1,1,3,3
]*A[r,1,1,2,3,3]/r+10/81*dB[r,1,1,3,3,1,1]*hb^2/La^2*B[r,1,1,3,3,3,3]/r-16/81*hb^2/La^2*B[r,1,1,1,1,3,3]*A[r,1,1,2,3,3]
/r-16/81*dB[r,1,1,1,2,1,2]*hb^2/La^2*B[r,1,1,1,1,3,3]/r+16/81*dB[r,1,1,1,1,1,1]*hb^2/La^2*B[r,1,1,1,1,3,3]/r-7/162*hb^2
/La^2*B[r,1,2,2,1,1,2]*dB[r,1,1,3,3,3,3]/r-1/162*hb^2/La^2*A[r,1,1,1,1,2]*B[r,1,2,3,1,1,3]/r-20/81*hb^2/La^2*B[r,1,1,3,
3,3,3]*A[r,1,2,3,3,1]/r+16/81*hb^2/La^2*B[r,1,1,1,1,3,3]*A[r,1,3,2,3,1]/r-4/9*hb^2/La^2*B[r,1,1,1,1,1,1]*A[r,1,1,2,3,3]
/r+28/81*hb^2/La^2*A[r,1,1,2,3,3]*B[r,1,1,1,2,1,2]/r+4/9*hb^2/La^2*A[r,1,3,2,3,1]*B[r,1,1,1,1,1,1]/r-28/81*hb^2/La^2*A[
r,1,3,2,3,1]*B[r,1,1,1,2,1,2]/r-1/27*hb^2/La^2*A[r,1,1,2,1,1]*B[r,1,1,1,2,1,2]/r+14/81*hb^2/La^2*B[r,1,2,3,1,1,3]*A[r,1
,1,2,3,3]/r+14/81*hb^2/La^2*B[r,1,2,2,1,1,2]*A[r,1,2,3,3,1]/r-14/81*hb^2/La^2*B[r,1,2,3,1,1,3]*dB[r,1,1,1,1,1,1]/r-7/81
*hb^2/La^2*B[r,1,2,3,1,1,3]*dB[r,1,1,1,1,3,3]/r-7/81*hb^2/La^2*B[r,1,2,1,1,3,3]*dB[r,1,1,1,2,1,2]/r-1/54*hb^2/La^2*A[r,
1,1,2,1,1]*B[r,1,2,1,1,3,3]/r+1/81*hb^2/La^2*A[r,1,1,2,1,1]*B[r,1,1,3,1,3,1]/r-14/81*hb^2/La^2*B[r,1,2,3,1,1,3]*A[r,1,3
,2,3,1]/r-1/162*hb^2/La^2*A[r,1,1,1,1,2]*B[r,1,2,3,3,1,1]/r+1/162*hb^2/La^2*A[r,1,3,3,1,2]*B[r,1,2,3,3,1,1]/r+1/81*hb^2
/La^2*A[r,1,2,3,1,3]*B[r,1,2,3,3,1,1]/r-1/81*hb^2/La^2*B[r,1,2,3,3,1,1]*A[r,1,2,1,1,1]/r-16/81*dB[r,1,1,3,3,1,1]*DD[r,3
,3]/r+32/81*DD[r,1,1]*A[r,1,1,2,3,3]/r+32/81*dB[r,1,1,1,2,1,2]*DD[r,1,1]/r-16/81*dB[r,1,1,1,1,3,3]*DD[r,1,1]/r-8/81*dB[
r,1,1,3,3,3,3]*DD[r,3,3]/r-32/81*dB[r,1,1,1,1,1,1]*DD[r,1,1]/r+1/81*hb^2/La^2*B[r,1,2,1,1,3,3]*A[r,1,1,1,1,2]/r-1/81*hb
^2/La^2*A[r,1,3,3,1,2]*B[r,1,2,1,1,3,3]/r+1/162*hb^2/La^2*A[r,1,3,3,1,2]*B[r,1,1,3,1,3,1]/r-17/162*hb^2/La^2*A[r,1,1,1,
1,2]*B[r,1,1,1,2,1,2]/r+10/81*hb^2/La^2*A[r,1,2,1,1,1]*B[r,1,1,3,3,1,1]/r-5/81*hb^2/La^2*A[r,1,2,3,1,3]*B[r,1,1,3,3,3,3
]/r-1/162*hb^2/La^2*A[r,1,2,1,1,1]*B[r,1,2,2,1,1,2]/r-1/162*hb^2/La^2*A[r,1,1,1,1,2]*B[r,1,2,2,2,1,1]/r-1/162*hb^2/La^2
*A[r,1,2,3,1,3]*B[r,1,2,1,1,3,3]/r+7/81*hb^2/La^2*B[r,1,2,3,3,1,1]*A[r,1,3,2,3,1]/r-1/162*hb^2/La^2*A[r,1,2,1,1,1]*B[r,
1,1,3,1,3,1]/r-14/81*hb^2/La^2*B[r,1,2,2,2,1,1]*A[r,1,2,3,3,1]/r+7/81*hb^2/La^2*B[r,1,2,3,3,1,1]*dB[r,1,1,1,1,1,1]/r-7/
81*hb^2/La^2*B[r,1,2,3,3,1,1]*dB[r,1,1,1,2,1,2]/r+1/162*hb^2/La^2*A[r,1,2,3,1,3]*B[r,1,1,3,1,3,1]/r-10/81*hb^2/La^2*A[r
,1,2,3,1,3]*B[r,1,1,3,3,1,1]/r+1/162*hb^2/La^2*A[r,1,3,3,1,2]*B[r,1,2,2,2,1,1]/r+5/81*hb^2/La^2*A[r,1,3,3,1,2]*B[r,1,1,
3,3,3,3]/r+8/81*DD[r,3,3]*A[r,1,1,1,1,2]/r+8/81*A[r,1,3,3,1,2]*DD[r,1,1]/r-8/81*A[r,1,1,1,1,2]*DD[r,1,1]/r-8/81*A[r,1,3
,3,1,2]*DD[r,3,3]/r+4/81*hb^2/La^2*B[r,1,1,3,1,3,1]*A[r,1,3,2,3,1]/r+32/81*DD[r,3,3]*A[r,1,2,3,3,1]/r-32/81*DD[r,1,1]*A
[r,1,3,2,3,1]/r+1/54*hb^2/La^2*A[r,1,1,2,1,1]*B[r,1,2,3,3,1,1]/r-1/81*hb^2/La^2*A[r,1,3,2,1,3]*B[r,1,1,3,1,3,1]/r-1/162
*hb^2/La^2*A[r,1,2,3,1,3]*B[r,1,2,3,1,1,3]/r+1/81*hb^2/La^2*A[r,1,3,2,1,3]*B[r,1,1,1,1,3,3]/r+1/162*hb^2/La^2*A[r,1,2,3
,1,3]*B[r,1,2,2,1,1,2]/r-5/81*hb^2/La^2*A[r,1,1,1,1,2]*B[r,1,1,3,3,3,3]/r-11/162*hb^2/La^2*A[r,1,3,3,1,2]*B[r,1,1,1,1,3
,3]/r-1/18*hb^2/La^2*A[r,1,2,1,1,1]*B[r,1,1,1,1,3,3]/r-1/81*hb^2/La^2*A[r,1,1,2,1,1]*B[r,1,1,1,1,3,3]/r+1/162*hb^2/La^2
*A[r,1,2,1,1,1]*B[r,1,2,1,1,3,3]/r+1/162*hb^2/La^2*A[r,1,2,1,1,1]*B[r,1,2,2,2,1,1]/r+1/54*hb^2/La^2*A[r,1,3,2,1,3]*B[r,
1,2,1,1,3,3]/r+1/162*hb^2/La^2*A[r,1,2,1,1,1]*B[r,1,2,3,1,1,3]/r-1/162*hb^2/La^2*A[r,1,2,3,1,3]*B[r,1,2,2,2,1,1]/r+5/81
*hb^2/La^2*B[r,1,1,3,3,3,3]*dB[r,1,1,3,3,3,3]/r+8/81*hb^2/La^2*B[r,1,1,1,1,3,3]*dB[r,1,1,1,1,3,3]/r+7/81*hb^2/La^2*B[r,
1,2,2,2,1,1]*dB[r,1,1,3,3,1,1]/r-1/54*hb^2/La^2*A[r,1,3,2,1,3]*B[r,1,2,3,3,1,1]/r+2/81*hb^2/La^2*B[r,1,1,3,1,3,1]*dB[r,
1,1,1,1,3,3]/r+2/81*hb^2/La^2*B[r,1,1,1,3,1,3]*dB[r,1,1,3,3,3,3]/r+4/81*hb^2/La^2*B[r,1,1,1,3,1,3]*dB[r,1,1,3,3,1,1]/r-\
4/81*hb^2/La^2*B[r,1,1,3,1,3,1]*dB[r,1,1,1,2,1,2]/r+4/81*hb^2/La^2*B[r,1,1,3,1,3,1]*dB[r,1,1,1,1,1,1]/r-4/81*hb^2/La^2*
B[r,1,1,3,1,3,1]*A[r,1,1,2,3,3]/r-8/81*hb^2/La^2*B[r,1,1,1,3,1,3]*A[r,1,2,3,3,1]/r)/M+1/81*hb^2/La^3*B[r,1,2,1,1,3,3]*B
[r,1,2,3,1,1,3]+1/324*hb^2/La^3*B[r,1,2,1,3,1,3]*B[r,1,2,2,2,1,1]+1/162*hb^2/La^3*B[r,1,2,1,3,1,3]*B[r,1,2,1,2,1,2]+1/
324*hb^2/La^3*B[r,1,2,1,3,1,3]*B[r,1,2,2,1,1,2]+1/81*hb^2/La^3*B[r,1,2,3,1,1,3]*B[r,1,2,3,3,1,1]-31/648/La^3*B[r,1,2,3,
3,1,1]*hb^2*B[r,1,1,1,1,3,3]-11/108/La^3*B[r,1,2,1,1,3,3]*hb^2*B[r,1,1,1,1,1,1]+29/324/La^3*B[r,1,2,1,1,3,3]*hb^2*B[r,1
,1,1,2,1,2]-1/648/La^3*B[r,1,2,1,1,3,3]*hb^2*B[r,1,1,1,1,3,3]+41/108*hb^2/La^3*B[r,1,1,1,2,1,2]*B[r,1,1,1,1,1,1]+1/108*
hb^2/La^3*B[r,1,2,3,3,3,3]*B[r,1,2,1,2,1,2]+1/216*hb^2/La^3*B[r,1,2,3,3,3,3]*B[r,1,2,2,1,1,2]+1/216*hb^2/La^3*B[r,1,2,3
,3,3,3]*B[r,1,2,2,2,1,1]-17/324*hb^2/La^3*B[r,1,2,1,1,3,3]*B[r,1,1,3,1,3,1]+4/81/La^3*B[r,1,2,2,1,1,2]*hb^2*B[r,1,1,3,3
,1,1]+35/648/La^3*B[r,1,2,2,1,1,2]*hb^2*B[r,1,1,3,3,3,3]+7/648*hb^2/La^3*B[r,1,2,2,1,1,2]*B[r,1,2,2,2,1,1]-5/648*hb^2/
La^3*B[r,1,2,1,2,1,2]*B[r,1,2,2,2,1,1]-5/648*hb^2/La^3*B[r,1,2,1,2,1,2]*B[r,1,2,2,1,1,2]+7/81/La*B[r,1,2,1,1,3,3]*DD[r,
1,1]-16/81*La/hb^2*DD[r,1,1]^2-8/81*La/hb^2*DD[r,3,3]^2+7/81/La*B[r,1,2,2,2,1,1]*DD[r,3,3]+7/81/La*B[r,1,2,3,3,1,1]*DD[
r,1,1]-28/81/La*DD[r,1,1]*B[r,1,1,1,2,1,2]+16/81/La*DD[r,1,1]*B[r,1,1,1,1,3,3]-1/162*hb^2/La^3*B[r,1,2,3,3,1,1]*B[r,1,1
,3,1,3,1]-5/162/La^3*B[r,1,1,1,3,1,3]*hb^2*B[r,1,1,3,3,3,3]+2/9*hb^2/La^3*B[r,1,2,1,2,1,2]*B0[r,1,1,1,1]+4/81/La*B[r,1,
1,3,1,3,1]*DD[r,1,1]+4/81/La*B[r,1,1,1,3,1,3]*DD[r,3,3]-1/18*hb^2/La^2*B[r,1,2,2,2,1,1]-1/18*hb^2/La^2*B[r,1,2,2,1,1,2]
-1/9*hb^2/La^2*B[r,1,2,1,2,1,2]-1/9*hb^2/La^2*B[r,1,2,1,3,1,3]-1/36*hb^2/La^2*B[r,1,2,3,3,3,3]+1/9*hb^2/La^3*B[r,1,1,3,
1,3,1]*B0[r,1,2,1,1]-1/162*hb^2/La^3*B[r,1,2,3,3,3,3]*B[r,1,2,1,3,1,3]+1/18*hb^2/La^3*B[r,1,1,3,3,3,3]*B0[r,1,2,3,3]+1/
18*hb^2/La^3*B[r,1,2,3,3,3,3]*B0[r,1,1,3,3]+1/9*hb^2/La^3*B[r,1,1,1,1,1,1]*B0[r,1,2,1,1]+1/9*hb^2/La^3*B[r,1,2,2,1,1,2]
*B0[r,1,1,1,1]+1/9*hb^2/La^3*B[r,1,2,2,2,1,1]*B0[r,1,1,1,1]+1/9*hb^2/La^3*B[r,1,2,1,3,1,3]*B0[r,1,1,1,1]+1/9*hb^2/La^3*
B[r,1,1,1,3,1,3]*B0[r,1,2,3,3]+1/9*hb^2/La^3*B[r,1,1,1,2,1,2]*B0[r,1,2,1,1]+1/9*hb^2/La^3*B[r,1,2,1,3,1,3]*B0[r,1,1,3,3
]
