(1/54*hb^2/La^2*B[r,1,1,3,3,1,1]^2/r^2+7/108*hb^2/La^2*B[r,1,1,1,1,3,3]^2/r^2+13/972*hb^2/La^2*B[r,1,2,2,2,1,1]^2/r^2+
19/972*hb^2/La^2*B[r,1,2,1,1,3,3]^2/r^2+1/108*hb^2/La^2*B[r,1,2,3,3,3,3]^2/r^2+13/972*hb^2/La^2*B[r,1,1,3,1,3,1]^2/r^2+
25/972*hb^2/La^2*B[r,1,1,3,3,3,3]^2/r^2-1/486*hb^2/La^2*B[r,1,1,1,3,1,3]^2/r^2+13/972*hb^2/La^2*B[r,1,2,3,1,1,3]^2/r^2+
1/36*hb^2/La^2*B[r,1,2,1,2,1,2]^2/r^2+13/972*hb^2/La^2*B[r,1,2,2,1,1,2]^2/r^2+1/54*hb^2/La^2*B[r,1,2,1,3,1,3]^2/r^2+1/
18*hb^2/La^2*B[r,1,2,1,3,1,3]*B[r,1,1,1,2,1,2]/r^2+1/36*hb^2/La^2*B[r,1,2,3,3,3,3]*B[r,1,1,1,2,1,2]/r^2-1/54*hb^2/La^2*
B[r,1,1,1,1,1,1]*B[r,1,2,1,3,1,3]/r^2-1/108*hb^2/La^2*B[r,1,1,1,1,1,1]*B[r,1,2,3,3,3,3]/r^2-1/36*hb^2/La^2*B[r,1,2,1,2,
1,2]*B[r,1,1,1,1,3,3]/r^2+1/36*hb^2/La^2*B[r,1,2,1,2,1,2]*B[r,1,1,3,1,3,1]/r^2-1/108*hb^2/La^2*B[r,1,2,3,3,3,3]*B[r,1,1
,3,1,3,1]/r^2-41/486*B[r,1,1,1,3,1,3]*hb^2/La^2*B[r,1,1,1,1,1,1]/r^2+43/486*B[r,1,1,1,3,1,3]*hb^2/La^2*B[r,1,1,1,2,1,2]
/r^2-7/162*B[r,1,1,1,3,1,3]*hb^2/La^2*B[r,1,1,1,1,3,3]/r^2-95/972*hb^2/La^2*B[r,1,1,3,3,3,3]*B[r,1,1,1,2,1,2]/r^2-1/9*
hb^2/La^2*B[r,1,1,1,1,3,3]*B[r,1,1,3,3,1,1]/r^2-25/324*hb^2/La^2*B[r,1,1,3,3,3,3]*B[r,1,1,1,1,3,3]/r^2+1/81*hb^2/La^2*B
[r,1,1,3,3,1,1]*B[r,1,1,1,1,1,1]/r^2+43/324*hb^2/La^2*B[r,1,1,1,1,3,3]*B[r,1,1,1,2,1,2]/r^2+5/486*hb^2/La^2*B[r,1,2,3,3
,1,1]*B[r,1,1,1,3,1,3]/r^2-1/108*hb^2/La^2*B[r,1,2,3,3,1,1]*B[r,1,2,1,2,1,2]/r^2-5/972*hb^2/La^2*B[r,1,2,3,3,1,1]*B[r,1
,2,2,1,1,2]/r^2-32/243/hb^2*La^2*DD[r,3,3]*DD[r,1,1]/r^2+10/243*B[r,1,1,1,3,1,3]*hb^2/La^2*B[r,1,1,3,3,3,3]/r^2-11/81*
hb^2/La^2*B[r,1,1,3,3,1,1]*B[r,1,2,2,1,1,2]/r^2-61/486*hb^2/La^2*B[r,1,1,1,1,1,1]*B[r,1,2,3,1,1,3]/r^2+5/486*hb^2/La^2*
B[r,1,2,2,2,1,1]*B[r,1,1,3,1,3,1]/r^2-1/54*hb^2/La^2*B[r,1,2,3,3,3,3]*B[r,1,2,1,2,1,2]/r^2-5/486*hb^2/La^2*B[r,1,2,3,1,
1,3]*B[r,1,2,2,2,1,1]/r^2-17/972*hb^2/La^2*B[r,1,2,3,1,1,3]*B[r,1,2,2,1,1,2]/r^2-1/972*hb^2/La^2*B[r,1,2,2,1,1,2]*B[r,1
,1,3,1,3,1]/r^2-7/972*hb^2/La^2*B[r,1,2,1,1,3,3]*B[r,1,2,3,3,1,1]/r^2+19/972*hb^2/La^2*B[r,1,2,2,1,1,2]*B[r,1,2,2,2,1,1
]/r^2+1/54*hb^2/La^2*B[r,1,2,1,3,1,3]*B[r,1,2,3,3,1,1]/r^2-11/486*B[r,1,1,3,1,3,1]*hb^2/La^2*B[r,1,1,1,1,1,1]/r^2-17/
486*B[r,1,1,3,1,3,1]*hb^2/La^2*B[r,1,1,1,2,1,2]/r^2-17/324*B[r,1,1,3,1,3,1]*hb^2/La^2*B[r,1,1,1,1,3,3]/r^2+7/81*B[r,1,1
,1,3,1,3]*hb^2/La^2*B[r,1,1,3,3,1,1]/r^2-1/486*hb^2/La^2*B[r,1,2,3,1,1,3]*B[r,1,1,1,3,1,3]/r^2+11/81*hb^2/La^2*B[r,1,1,
3,3,1,1]*B[r,1,2,2,2,1,1]/r^2-7/486*hb^2/La^2*B[r,1,2,3,3,1,1]*B[r,1,1,3,1,3,1]/r^2+11/162*hb^2/La^2*B[r,1,1,1,1,3,3]*B
[r,1,2,2,1,1,2]/r^2-1/81*hb^2/La^2*B[r,1,1,3,3,1,1]*B[r,1,2,1,1,3,3]/r^2+7/486*hb^2/La^2*B[r,1,2,3,3,1,1]*B[r,1,2,2,2,1
,1]/r^2+5/486*hb^2/La^2*B[r,1,2,3,1,1,3]*B[r,1,1,3,1,3,1]/r^2+13/972*hb^2/La^2*B[r,1,2,1,1,3,3]*B[r,1,1,3,1,3,1]/r^2-1/
324*hb^2/La^2*B[r,1,1,1,1,3,3]*B[r,1,2,1,1,3,3]/r^2+65/972*hb^2/La^2*B[r,1,1,3,3,3,3]*B[r,1,2,3,1,1,3]/r^2+53/486*hb^2/
La^2*B[r,1,2,3,1,1,3]*B[r,1,1,1,2,1,2]/r^2+5/81*hb^2/La^2*B[r,1,1,3,3,3,3]*B[r,1,1,3,3,1,1]/r^2-1/108*hb^2/La^2*B[r,1,2
,3,3,3,3]*B[r,1,2,3,1,1,3]/r^2-25/324*hb^2/La^2*B[r,1,1,1,1,3,3]*B[r,1,2,2,2,1,1]/r^2-65/972*hb^2/La^2*B[r,1,1,3,3,3,3]
*B[r,1,2,2,1,1,2]/r^2-5/486*hb^2/La^2*B[r,1,1,3,3,3,3]*B[r,1,2,1,1,3,3]/r^2+25/972*hb^2/La^2*B[r,1,2,1,1,3,3]*B[r,1,1,1
,1,1,1]/r^2-35/972*hb^2/La^2*B[r,1,2,1,1,3,3]*B[r,1,1,1,2,1,2]/r^2-31/972*hb^2/La^2*B[r,1,2,1,1,3,3]*B[r,1,2,2,2,1,1]/r
^2-1/54*hb^2/La^2*B[r,1,2,1,3,1,3]*B[r,1,2,2,2,1,1]/r^2-1/27*hb^2/La^2*B[r,1,2,1,3,1,3]*B[r,1,2,1,2,1,2]/r^2-1/54*hb^2/
La^2*B[r,1,2,1,3,1,3]*B[r,1,2,2,1,1,2]/r^2-1/54*hb^2/La^2*B[r,1,2,1,3,1,3]*B[r,1,1,3,1,3,1]/r^2+1/54*hb^2/La^2*B[r,1,2,
1,3,1,3]*B[r,1,1,1,1,3,3]/r^2+1/108*hb^2/La^2*B[r,1,2,3,3,3,3]*B[r,1,1,1,1,3,3]/r^2+1/36*hb^2/La^2*B[r,1,2,1,2,1,2]*B[r
,1,1,1,1,1,1]/r^2-1/12*hb^2/La^2*B[r,1,2,1,2,1,2]*B[r,1,1,1,2,1,2]/r^2-14/243*B[r,1,1,1,1,1,1]*DD[r,1,1]/r^2-38/243*B[r
,1,1,1,2,1,2]*DD[r,1,1]/r^2-8/81*B[r,1,1,3,3,1,1]*DD[r,3,3]/r^2-4/243*B[r,1,2,1,1,3,3]*DD[r,1,1]/r^2-10/81*B[r,1,1,1,1,
3,3]*DD[r,1,1]/r^2-20/243*B[r,1,1,3,3,3,3]*DD[r,3,3]/r^2+16/243*B[r,1,1,1,3,1,3]*DD[r,1,1]/r^2-22/243*B[r,1,2,3,3,1,1]*
DD[r,1,1]/r^2+22/243*B[r,1,2,3,3,1,1]*DD[r,3,3]/r^2+26/243*B[r,1,2,2,1,1,2]*DD[r,3,3]/r^2+10/81*B[r,1,1,1,1,3,3]*DD[r,3
,3]/r^2+14/243*B[r,1,1,1,1,1,1]*DD[r,3,3]/r^2+38/243*B[r,1,1,1,2,1,2]*DD[r,3,3]/r^2+4/243*B[r,1,2,1,1,3,3]*DD[r,3,3]/r^
2+26/243*B[r,1,2,3,1,1,3]*DD[r,1,1]/r^2-26/243*B[r,1,2,2,2,1,1]*DD[r,3,3]/r^2+26/243*B[r,1,2,2,2,1,1]*DD[r,1,1]/r^2+10/
243*B[r,1,1,3,1,3,1]*DD[r,1,1]/r^2-16/243*B[r,1,1,1,3,1,3]*DD[r,3,3]/r^2-26/243*B[r,1,2,2,1,1,2]*DD[r,1,1]/r^2+20/243*B
[r,1,1,3,3,3,3]*DD[r,1,1]/r^2-10/243*B[r,1,1,3,1,3,1]*DD[r,3,3]/r^2-26/243*B[r,1,2,3,1,1,3]*DD[r,3,3]/r^2+8/81*B[r,1,1,
3,3,1,1]*DD[r,1,1]/r^2-1/486*hb^2/La^2*B[r,1,2,2,2,1,1]*B[r,1,1,1,3,1,3]/r^2+7/486*hb^2/La^2*B[r,1,2,3,1,1,3]*B[r,1,2,3
,3,1,1]/r^2+1/36*hb^2/La^2*B[r,1,2,1,2,1,2]*B[r,1,2,2,2,1,1]/r^2-1/108*hb^2/La^2*B[r,1,2,3,3,3,3]*B[r,1,2,3,3,1,1]/r^2+
53/486*hb^2/La^2*B[r,1,2,2,2,1,1]*B[r,1,1,1,2,1,2]/r^2-55/972*hb^2/La^2*B[r,1,1,3,3,3,3]*B[r,1,2,3,3,1,1]/r^2+1/486*hb^
2/La^2*B[r,1,2,2,1,1,2]*B[r,1,1,1,3,1,3]/r^2-1/108*hb^2/La^2*B[r,1,2,3,1,1,3]*B[r,1,2,1,2,1,2]/r^2+4/81*B[r,1,1,3,1,3,1
]*hb^2/La^2*B[r,1,1,3,3,1,1]/r^2+25/972*B[r,1,1,3,1,3,1]*hb^2/La^2*B[r,1,1,3,3,3,3]/r^2+11/81*hb^2/La^2*B[r,1,1,3,3,1,1
]*B[r,1,2,3,1,1,3]/r^2-49/486*hb^2/La^2*B[r,1,2,3,3,1,1]*B[r,1,1,1,2,1,2]/r^2+65/972*hb^2/La^2*B[r,1,1,3,3,3,3]*B[r,1,2
,2,2,1,1]/r^2+23/324*hb^2/La^2*B[r,1,1,1,1,3,3]*B[r,1,2,3,3,1,1]/r^2-5/972*hb^2/La^2*B[r,1,2,1,1,3,3]*B[r,1,2,2,1,1,2]/
r^2+1/486*hb^2/La^2*B[r,1,1,3,1,3,1]*B[r,1,1,1,3,1,3]/r^2-133/972*hb^2/La^2*B[r,1,2,2,1,1,2]*B[r,1,1,1,2,1,2]/r^2-1/108
*hb^2/La^2*B[r,1,2,3,3,3,3]*B[r,1,2,2,2,1,1]/r^2-1/108*hb^2/La^2*B[r,1,2,3,3,3,3]*B[r,1,2,2,1,1,2]/r^2+1/36*hb^2/La^2*B
[r,1,2,1,2,1,2]*B[r,1,2,2,1,1,2]/r^2+1/54*hb^2/La^2*B[r,1,2,1,3,1,3]*B[r,1,2,3,1,1,3]/r^2+5/972*hb^2/La^2*B[r,1,2,1,1,3
,3]*B[r,1,2,3,1,1,3]/r^2-2/243*hb^2/La^2*B[r,1,2,1,1,3,3]*B[r,1,1,1,3,1,3]/r^2-23/81*hb^2/La^2*B[r,1,1,3,3,1,1]*B[r,1,1
,1,2,1,2]/r^2-35/972*hb^2/La^2*B[r,1,1,3,3,3,3]*B[r,1,1,1,1,1,1]/r^2-10/81*hb^2/La^2*B[r,1,1,3,3,1,1]*B[r,1,2,3,3,1,1]/
r^2-61/486*hb^2/La^2*B[r,1,1,1,1,1,1]*B[r,1,2,2,2,1,1]/r^2-25/324*hb^2/La^2*B[r,1,1,1,1,3,3]*B[r,1,2,3,1,1,3]/r^2+53/
486*hb^2/La^2*B[r,1,1,1,1,1,1]*B[r,1,2,3,3,1,1]/r^2+19/324*hb^2/La^2*B[r,1,1,1,1,3,3]*B[r,1,1,1,1,1,1]/r^2+121/486*hb^2
/La^2*B[r,1,1,1,1,1,1]*B[r,1,1,1,2,1,2]/r^2+131/972*hb^2/La^2*B[r,1,1,1,1,1,1]*B[r,1,2,2,1,1,2]/r^2+16/243/hb^2*La^2*DD
[r,1,1]^2/r^2+16/243/hb^2*La^2*DD[r,3,3]^2/r^2+1/972*hb^2/La^2*B[r,1,2,3,3,1,1]^2/r^2-17/972*hb^2/La^2*B[r,1,1,1,1,1,1]
^2/r^2-173/972*hb^2/La^2*B[r,1,1,1,2,1,2]^2/r^2-1/18*hb^2/La^2*A[r,1,3,2,1,3]*B[r,1,2,3,1,1,3]/r-1/27*hb^2/La^2*A[r,1,2
,1,1,1]*B[r,1,2,1,3,1,3]/r-5/18*hb^2/La^2*A[r,1,1,2,1,1]*B[r,1,2,2,1,1,2]/r-1/54*hb^2/La^2*A[r,1,2,1,1,1]*B[r,1,2,3,3,3
,3]/r-5/18*hb^2/La^2*B[r,1,2,2,2,1,1]*A[r,1,1,2,1,1]/r+1/54*hb^2/La^2*A[r,1,1,1,1,2]*B[r,1,1,3,1,3,1]/r+7/54*hb^2/La^2*
A[r,1,3,3,1,2]*B[r,1,1,1,1,1,1]/r+1/9*hb^2/La^2*A[r,1,1,1,1,2]*B[r,1,1,3,3,1,1]/r+2/27*hb^2/La^2*A[r,1,1,1,1,2]*B[r,1,1
,1,3,1,3]/r-1/54*hb^2/La^2*A[r,1,3,3,1,2]*B[r,1,1,1,2,1,2]/r+1/3*hb^2/La^2*A[r,1,2,1,1,1]*B[r,1,1,1,1,1,1]/r-1/18*hb^2/
La^2*A[r,1,3,2,1,3]*B[r,1,1,1,1,1,1]/r-5/54*hb^2/La^2*A[r,1,2,3,1,3]*B[r,1,1,1,1,3,3]/r-5/54*hb^2/La^2*A[r,1,2,1,1,1]*B
[r,1,1,3,3,3,3]/r+4/9*hb^2/La^2*A[r,1,3,3,1,2]*B[r,1,1,3,3,1,1]/r+hb^2/La*A0[r,1,1,2]/r+4/27*DD[r,3,3]*A[r,1,2,1,1,1]/r
+4/27*A[r,1,2,3,1,3]*DD[r,1,1]/r-16/27*DD[r,1,1]*A[r,1,2,1,1,1]/r-16/27*DD[r,1,1]*A[r,1,1,2,1,1]/r-1/9*hb^2/La^2*A[r,1,
2,3,1,3]*B[r,1,1,1,1,1,1]/r-1/27*hb^2/La^2*A[r,1,2,3,1,3]*B[r,1,1,1,2,1,2]/r+47/54*hb^2/La^2*A[r,1,1,1,1,2]*B[r,1,1,1,1
,1,1]/r-23/27*hb^2/La^2*A[r,1,2,1,1,1]*B[r,1,1,1,2,1,2]/r+23/54*hb^2/La^2*A[r,1,1,2,1,1]*B[r,1,1,1,1,1,1]/r+13/18*hb^2/
La^2*A[r,1,1,1,1,2]*B[r,1,1,1,1,3,3]/r-5/54*hb^2/La^2*A[r,1,3,3,1,2]*B[r,1,2,3,1,1,3]/r+1/54*hb^2/La^2*A[r,1,3,3,1,2]*B
[r,1,2,2,1,1,2]/r-1/27*hb^2/La^2*A[r,1,3,3,1,2]*B[r,1,1,1,3,1,3]/r+1/6*hb^2/La^2*A[r,1,3,2,1,3]*B[r,1,1,1,2,1,2]/r-1/3*
hb^2/La^2*A[r,1,2,3,1,3]*B[r,1,1,1,3,1,3]/r-10/27*hb^2/La^2*A[r,1,1,1,1,2]*B[r,1,2,2,1,1,2]/r-1/54*hb^2/La^2*A[r,1,1,1,
1,2]*B[r,1,2,3,1,1,3]/r-61/54*hb^2/La^2*A[r,1,1,2,1,1]*B[r,1,1,1,2,1,2]/r+2/27*hb^2/La^2*A[r,1,1,2,1,1]*B[r,1,2,1,1,3,3
]/r+1/18*hb^2/La^2*A[r,1,1,2,1,1]*B[r,1,1,3,1,3,1]/r-1/54*hb^2/La^2*A[r,1,1,1,1,2]*B[r,1,2,3,3,1,1]/r-11/54*hb^2/La^2*A
[r,1,3,3,1,2]*B[r,1,2,3,3,1,1]/r-5/18*hb^2/La^2*A[r,1,2,1,1,1]*B[r,1,2,1,2,1,2]/r-2/27*hb^2/La^2*A[r,1,2,3,1,3]*B[r,1,2
,3,3,1,1]/r+2/27*hb^2/La^2*B[r,1,2,3,3,1,1]*A[r,1,2,1,1,1]/r-1/54*hb^2/La^2*A[r,1,3,2,1,3]*B[r,1,2,2,2,1,1]/r-5/54*hb^2
/La^2*A[r,1,1,2,1,1]*B[r,1,2,3,1,1,3]/r-1/54*hb^2/La^2*A[r,1,3,2,1,3]*B[r,1,2,2,1,1,2]/r-5/9*hb^2/La^2*A[r,1,1,2,1,1]*B
[r,1,2,1,2,1,2]/r-2/27*hb^2/La^2*A[r,1,1,2,1,1]*B[r,1,2,1,3,1,3]/r-hb^2/La^2*A0[r,1,1,2]*B0[r,1,1,1,1]/r-hb^2/La^2*A0[r
,1,1,2]*B0[r,1,2,1,1]/r-1/27*hb^2/La^2*A[r,1,1,2,1,1]*B[r,1,2,3,3,3,3]/r-1/27*hb^2/La^2*A[r,1,1,1,1,2]*B[r,1,2,1,3,1,3]
/r-5/18*hb^2/La^2*A[r,1,1,1,1,2]*B[r,1,2,1,2,1,2]/r-1/54*hb^2/La^2*A[r,1,1,1,1,2]*B[r,1,2,3,3,3,3]/r+1/27*hb^2/La^2*B[r
,1,2,1,1,3,3]*A[r,1,1,1,1,2]/r+1/54*hb^2/La^2*A[r,1,3,3,1,2]*B[r,1,2,1,1,3,3]/r+1/54*hb^2/La^2*A[r,1,3,3,1,2]*B[r,1,1,3
,1,3,1]/r-53/54*hb^2/La^2*A[r,1,1,1,1,2]*B[r,1,1,1,2,1,2]/r-1/9*hb^2/La^2*A[r,1,2,1,1,1]*B[r,1,1,3,3,1,1]/r-25/54*hb^2/
La^2*A[r,1,2,1,1,1]*B[r,1,2,2,1,1,2]/r-25/54*hb^2/La^2*A[r,1,1,1,1,2]*B[r,1,2,2,2,1,1]/r-1/54*hb^2/La^2*A[r,1,2,3,1,3]*
B[r,1,2,1,1,3,3]/r-2/27*hb^2/La^2*A[r,1,2,1,1,1]*B[r,1,1,3,1,3,1]/r-2/27*hb^2/La^2*A[r,1,2,1,1,1]*B[r,1,1,1,3,1,3]/r-1/
54*hb^2/La^2*A[r,1,3,3,1,2]*B[r,1,2,2,2,1,1]/r+10/27*hb^2/La^2*A[r,1,3,3,1,2]*B[r,1,1,3,3,3,3]/r-1/27*hb^2/La^2*A[r,1,3
,2,1,3]*B[r,1,2,1,2,1,2]/r-8/27*hb^2/La^2*A[r,1,3,2,1,3]*B[r,1,2,1,3,1,3]/r-4/27*DD[r,3,3]*A[r,1,1,1,1,2]/r-4/27*A[r,1,
3,3,1,2]*DD[r,1,1]/r-32/27*A[r,1,1,1,1,2]*DD[r,1,1]/r-16/27*A[r,1,3,3,1,2]*DD[r,3,3]/r+1/54*hb^2/La^2*A[r,1,1,2,1,1]*B[
r,1,2,3,3,1,1]/r-19/54*hb^2/La^2*A[r,1,3,2,1,3]*B[r,1,1,3,1,3,1]/r-5/27*hb^2/La^2*A[r,1,2,3,1,3]*B[r,1,2,3,1,1,3]/r+1/
54*hb^2/La^2*A[r,1,3,2,1,3]*B[r,1,1,1,1,3,3]/r+5/54*hb^2/La^2*A[r,1,1,1,1,2]*B[r,1,1,3,3,3,3]/r+2/27*hb^2/La^2*A[r,1,3,
3,1,2]*B[r,1,1,1,1,3,3]/r+4/9*hb^2/La^2*A[r,1,2,1,1,1]*B[r,1,1,1,1,3,3]/r+17/54*hb^2/La^2*A[r,1,1,2,1,1]*B[r,1,1,1,1,3,
3]/r-1/27*hb^2/La^2*A[r,1,2,1,1,1]*B[r,1,2,1,1,3,3]/r-10/27*hb^2/La^2*A[r,1,2,1,1,1]*B[r,1,2,2,2,1,1]/r-1/27*hb^2/La^2*
A[r,1,2,1,1,1]*B[r,1,2,3,1,1,3]/r+1/18*hb^2/La^2*A[r,1,3,2,1,3]*B[r,1,2,3,3,1,1]/r)/M
